# Train        Test        
  282.075937   200.234344 
  221.966263   223.066360 
  204.503472   193.451172 
  178.582488   173.987122 
  169.799868   162.870850 
  162.402754   170.124649 
  152.330066   143.800583 
  148.791904   152.059830 
  144.066328   141.408188 
  142.622322   144.806488 
  141.113133   151.513931 
  139.795977   144.599899 
  140.709481   141.404312 
  139.580383   137.729111 
  138.946220   141.929398 
  138.399204   138.891739 
  138.658955   139.435028 
  135.334257   145.856827 
  135.994794   143.465988 
  135.578808   136.352692 
  132.117207   124.699677 
  131.448995   130.721359 
  129.098013   125.823364 
  128.287274   121.425583 
  123.458256   122.256851 
  122.680794   127.670830 
  118.765606   119.967010 
  119.063865   121.100121 
  116.835351   111.081726 
  113.624119   109.369385 
  110.804144   109.470261 
  109.907852   109.243027 
  110.737494   114.399010 
  111.658246   107.267914 
  111.443390   119.783890 
  110.110697   117.006401 
  112.223998   115.334084 
  114.351954   117.231262 
  113.437398   113.852196 
  114.919857   115.319641 
  114.290736   119.184120 
  118.850836   122.323753 
  118.286028   116.722923 
  117.033577   117.246246 
  115.800564   120.762749 
  114.537589   111.651192 
  111.529476   115.924423 
  110.055108   113.460800 
  107.910686   111.380295 
  105.710634   104.204422 
  103.808426   103.287155 
  101.806719   101.859802 
  100.993132    95.815384 
  100.503810    97.815697 
   99.595671   104.398827 
  100.434155    96.556717 
  100.398944   106.780930 
  100.917677   102.308235 
  103.059651   105.317650 
  105.580972   103.388184 
  104.116249   103.444328 
  106.346821   111.820061 
  106.856845   107.516045 
  107.772411   104.683289 
  108.863879   109.071739 
  109.638664   110.493629 
  108.633443   109.405846 
  105.838547   102.503136 
  105.495854   102.127457 
  103.506407   102.100296 
  100.650510    98.764114 
   98.540394    97.620979 
   97.151411    97.157265 
   95.913146    99.193184 
   94.690222    95.670441 
   93.671886    89.268845 
   94.426160    96.940468 
   94.657152    94.658508 
   95.639862    93.239983 
   95.416209    92.944901 
   97.392738    97.058601 
  100.087425   104.917747 
   98.825316    98.232269 
  101.508826   104.918037 
  101.296442    95.969231 
  102.718129   103.386673 
  103.564671   102.209671 
  102.444545    96.734428 
  101.373868   102.699150 
   99.458268    98.008766 
   98.476284   104.051285 
   98.797274    96.485527 
   93.924847    91.834831 
   93.326051    94.600594 
   91.695921    88.962578 
   89.656755    88.675041 
   90.456379    93.423218 
   89.228947    93.271133 
   90.760377    89.161194 
   90.614858    88.451973 
   90.792093    86.387314 
   93.422820    94.691498 
   94.498624    93.062271 
   95.568277    97.110672 
   98.198008    98.260933 
   99.111509    98.201157 
   98.277998   102.163795 
   98.509753    99.716873 
   99.074845   102.454208 
   99.565432    96.854767 
   99.575581    97.195992 
   96.793719    96.361328 
   93.789302    92.575485 
   92.420135    94.649162 
   90.377999    88.545204 
   89.065489    92.847031 
   86.989488    87.534943 
   86.453900    85.359161 
   87.423714    85.849075 
   87.802364    90.140671 
   90.021037    86.153099 
   89.142624    91.231148 
   91.242808    88.963264 
   92.155357    93.054016 
   93.268889    92.830681 
   94.098321    95.021790 
   95.322090    96.656227 
   96.239676   100.516998 
   98.024227   107.172195 
   97.850033    96.743347 
   96.165252   100.935745 
   94.717732    94.735283 
   93.585894    93.783379 
   93.300862    88.778687 
   91.036002    87.960663 
   90.089067    86.274559 
   88.328847    86.389992 
   85.973202    88.574379 
   85.426309    86.312019 
   85.026245    81.906769 
   85.380454    89.343231 
   86.879685    85.561546 
   87.302567    89.797226 
   88.719836    91.318619 
   88.621931    88.391258 
   90.599644    86.513351 
   92.372266    88.958740 
   93.043919    99.927399 
   95.308537    97.875038 
   94.288552    93.151894 
   94.729938    97.951538 
   95.223210    95.847130 
   95.230584    94.769226 
   94.076721    99.064392 
   92.269264    86.099335 
   90.064054    87.919586 
   88.038388    89.857239 
   88.262865    88.473564 
   86.065576    90.926384 
   85.529540    81.845299 
   85.264550    88.442421 
   84.387564    83.176323 
   84.384207    88.026001 
   84.568022    82.618423 
   84.487310    86.289825 
   88.797271    87.423660 
   88.878534    83.882690 
   88.931527    86.822983 
   90.302255    87.635323 
   90.876970    94.297676 
   92.540325    93.773087 
   92.756181    91.672981 
   95.611682    93.861191 
   93.206732    89.953560 
   92.396397    88.684410 
   92.151640    90.370811 
   89.185668    85.275444 
   88.498449    85.584053 
   86.962147    87.691498 
   84.711130    81.873909 
   83.246268    82.043167 
   83.212426    84.323860 
   82.088400    80.275993 
   82.253528    82.416786 
   83.458528    84.807297 
   85.415964    89.137108 
   84.690885    83.203049 
   86.503581    85.887878 
   87.525118    86.626389 
   87.886294    93.231224 
   90.716324    88.878571 
   91.000448    93.077225 
   92.361902    90.372284 
   92.811306    95.925011 
   93.707288    93.836746 
   92.425525    91.445847 
   88.710169    89.640945 
   89.935129    87.398750 
   87.672897    85.810089 
   86.078327    84.152740 
   85.485237    84.304749 
   81.769337    81.053299 
   81.349524    81.937714 
   80.223463    76.870461 
   81.411783    78.091385 
   82.415136    81.974548 
   83.402085    83.592590 
   85.328157    85.057762 
   85.647688    89.432854 
   87.279295    85.929138 
   88.196212    87.225166 
   90.926851    88.019646 
   91.293707    91.092995 
   90.715304    91.060837 
   91.050674    93.324577 
   92.188584    93.847885 
   91.459653    89.030838 
   89.955011    91.549057 
   89.294807    86.210648 
   88.537753    86.495857 
   87.345073    85.668671 
   83.054502    81.247635 
   82.755848    80.671120 
   80.276943    80.742317 
   80.986127    83.024628 
   80.578360    83.723152 
   82.110056    83.377556 
   82.136466    81.581467 
   81.429843    80.373123 
   84.786269    83.875046 
   85.545781    84.646469 
   87.042067    88.975769 
   86.468739    87.236435 
   88.920569    85.893044 
   88.737137    95.483376 
   90.468457    88.654037 
   91.801971    94.505989 
   94.375010    92.742165 
   89.493490    89.430473 
   87.616439    89.862679 
   87.829973    87.238586 
   85.394051    81.647812 
   84.978384    82.483940 
   82.290231    87.775696 
   80.245043    78.347252 
   80.294082    78.410110 
   78.951927    79.110741 
   79.241253    80.706703 
   80.902834    84.453392 
   82.071312    82.805984 
   83.298062    82.264214 
   84.295528    85.442169 
   84.448595    86.659462 
   86.110585    88.491005 
   87.228427    89.243942 
   88.000552    90.805008 
   88.390742    87.599930 
   88.791596    88.027771 
   90.990766    90.797935 
   89.194911    89.123993 
   88.388786    90.110565 
   88.129669    88.286911 
   86.603890    84.924164 
   84.678299    86.038628 
   82.790476    86.703201 
   81.388099    82.485054 
   79.599682    75.752014 
   77.939296    78.790550 
   79.316157    82.023972 
   81.216019    80.492317 
   80.974293    77.172432 
   83.282529    84.136688 
   82.481641    87.685234 
   83.780013    85.927216 
   86.095114    81.911568 
   87.800109    84.926033 
   87.867298    90.201393 
   89.467033    89.290382 
   90.310265    90.025108 
   90.824954    87.531776 
   88.624396    86.025169 
   88.266493    86.560760 
   88.504988    87.844872 
   88.790833    85.723465 
   85.001035    84.848465 
   83.480710    82.462730 
   81.663752    79.529396 
   79.769789    79.847519 
   79.162730    85.176224 
   79.398056    77.868675 
   79.615149    85.837692 
   80.228166    82.210930 
   79.973330    81.182434 
   81.778670    83.841286 
   84.671569    85.838547 
   83.805658    89.347046 
   86.896149    85.818275 
   86.027820    89.935028 
   88.128638    86.974487 
   88.291392    89.141350 
