Event Rate: [0.44, 0.53, 0.22, 0.22, 0.10, 0.06, 0.06, 0.42]
Event Rate: [0.44, 0.52, 0.22, 0.22, 0.10, 0.05, 0.06, 0.42]
Event Rate: [0.44, 0.52, 0.22, 0.22, 0.10, 0.05, 0.06, 0.43]
Event Rate: [0.44, 0.53, 0.23, 0.23, 0.10, 0.06, 0.06, 0.40]
Event Rate: [0.44, 0.53, 0.23, 0.23, 0.10, 0.06, 0.06, 0.42]
Event Rate: [0.44, 0.53, 0.23, 0.23, 0.10, 0.06, 0.06, 0.39]
Event Rate: [0.44, 0.52, 0.22, 0.22, 0.10, 0.06, 0.07, 0.45]
Event Rate: [0.44, 0.53, 0.23, 0.23, 0.10, 0.06, 0.07, 0.46]
Event Rate: [0.44, 0.53, 0.23, 0.23, 0.11, 0.06, 0.08, 0.42]
Event Rate: [0.44, 0.52, 0.22, 0.22, 0.11, 0.07, 0.09, 0.39]
Event Rate: [0.44, 0.53, 0.23, 0.23, 0.12, 0.08, 0.11, 0.36]
Event Rate: [0.44, 0.53, 0.23, 0.23, 0.13, 0.09, 0.12, 0.34]
Event Rate: [0.44, 0.53, 0.24, 0.24, 0.13, 0.09, 0.14, 0.34]
Event Rate: [0.44, 0.53, 0.24, 0.24, 0.14, 0.10, 0.15, 0.34]
Event Rate: [0.44, 0.54, 0.25, 0.25, 0.16, 0.12, 0.19, 0.34]
Event Rate: [0.44, 0.54, 0.25, 0.25, 0.16, 0.13, 0.19, 0.34]
Event Rate: [0.44, 0.53, 0.24, 0.24, 0.15, 0.12, 0.19, 0.34]
Event Rate: [0.44, 0.53, 0.24, 0.24, 0.15, 0.12, 0.19, 0.34]
Event Rate: [0.44, 0.53, 0.24, 0.24, 0.15, 0.12, 0.19, 0.34]
Event Rate: [0.44, 0.53, 0.24, 0.24, 0.14, 0.12, 0.18, 0.34]
Event Rate: [0.44, 0.53, 0.24, 0.24, 0.14, 0.12, 0.18, 0.35]
Event Rate: [0.44, 0.53, 0.24, 0.24, 0.14, 0.12, 0.18, 0.36]
Event Rate: [0.44, 0.53, 0.23, 0.23, 0.13, 0.11, 0.17, 0.35]
Event Rate: [0.44, 0.53, 0.23, 0.23, 0.14, 0.11, 0.17, 0.34]
Event Rate: [0.44, 0.53, 0.23, 0.23, 0.14, 0.12, 0.18, 0.34]
Event Rate: [0.44, 0.53, 0.23, 0.23, 0.14, 0.11, 0.17, 0.35]
Event Rate: [0.44, 0.52, 0.22, 0.22, 0.13, 0.11, 0.17, 0.37]
Event Rate: [0.44, 0.52, 0.23, 0.23, 0.13, 0.11, 0.17, 0.37]
Event Rate: [0.44, 0.53, 0.23, 0.23, 0.13, 0.11, 0.16, 0.37]
Event Rate: [0.44, 0.52, 0.22, 0.22, 0.13, 0.10, 0.15, 0.38]
Event Rate: [0.44, 0.52, 0.22, 0.22, 0.13, 0.11, 0.16, 0.38]
Event Rate: [0.44, 0.52, 0.22, 0.22, 0.12, 0.10, 0.15, 0.39]
Event Rate: [0.43, 0.52, 0.22, 0.22, 0.13, 0.10, 0.15, 0.39]
Event Rate: [0.44, 0.52, 0.22, 0.22, 0.13, 0.11, 0.16, 0.38]
Event Rate: [0.44, 0.52, 0.22, 0.22, 0.13, 0.11, 0.16, 0.39]
Event Rate: [0.44, 0.52, 0.22, 0.22, 0.13, 0.10, 0.15, 0.40]
Event Rate: [0.44, 0.52, 0.22, 0.22, 0.13, 0.11, 0.16, 0.41]
Event Rate: [0.44, 0.52, 0.22, 0.22, 0.13, 0.11, 0.16, 0.40]
Event Rate: [0.44, 0.52, 0.22, 0.22, 0.13, 0.11, 0.17, 0.41]
Event Rate: [0.44, 0.52, 0.22, 0.22, 0.13, 0.11, 0.16, 0.41]
Event Rate: [0.44, 0.52, 0.22, 0.22, 0.13, 0.12, 0.17, 0.41]
Event Rate: [0.44, 0.52, 0.22, 0.22, 0.13, 0.12, 0.17, 0.41]
Event Rate: [0.43, 0.52, 0.23, 0.23, 0.14, 0.12, 0.18, 0.41]
Event Rate: [0.44, 0.53, 0.23, 0.23, 0.14, 0.12, 0.18, 0.40]
Event Rate: [0.44, 0.53, 0.23, 0.23, 0.14, 0.12, 0.18, 0.40]
Event Rate: [0.44, 0.53, 0.23, 0.23, 0.14, 0.12, 0.18, 0.40]
Event Rate: [0.44, 0.53, 0.23, 0.23, 0.14, 0.13, 0.19, 0.41]
Event Rate: [0.44, 0.53, 0.23, 0.23, 0.15, 0.13, 0.19, 0.43]
Event Rate: [0.44, 0.52, 0.23, 0.23, 0.14, 0.13, 0.19, 0.44]
Event Rate: [0.44, 0.54, 0.24, 0.24, 0.15, 0.13, 0.20, 0.46]
Event Rate: [0.44, 0.52, 0.23, 0.23, 0.14, 0.13, 0.19, 0.47]
Event Rate: [0.44, 0.54, 0.24, 0.24, 0.15, 0.13, 0.20, 0.46]
Event Rate: [0.44, 0.53, 0.24, 0.24, 0.15, 0.13, 0.20, 0.46]
Event Rate: [0.44, 0.53, 0.24, 0.24, 0.15, 0.13, 0.20, 0.45]
Event Rate: [0.44, 0.53, 0.24, 0.24, 0.15, 0.13, 0.19, 0.46]
Event Rate: [0.44, 0.53, 0.24, 0.24, 0.15, 0.13, 0.19, 0.46]
Event Rate: [0.43, 0.54, 0.22, 0.22, 0.11, 0.06, 0.07, 0.50]
Event Rate: [0.42, 0.53, 0.21, 0.21, 0.11, 0.06, 0.07, 0.51]
Event Rate: [0.43, 0.54, 0.22, 0.22, 0.11, 0.06, 0.07, 0.50]
Event Rate: [0.43, 0.53, 0.21, 0.21, 0.11, 0.06, 0.07, 0.49]
Event Rate: [0.41, 0.47, 0.18, 0.18, 0.07, 0.04, 0.04, 0.11]
Event Rate: [0.41, 0.48, 0.19, 0.19, 0.08, 0.04, 0.05, 0.12]
Event Rate: [0.41, 0.47, 0.18, 0.18, 0.07, 0.04, 0.04, 0.11]
Event Rate: [0.41, 0.47, 0.18, 0.18, 0.07, 0.04, 0.04, 0.12]
Event Rate: [0.41, 0.48, 0.19, 0.19, 0.08, 0.04, 0.05, 0.14]
Event Rate: [0.41, 0.47, 0.18, 0.18, 0.08, 0.04, 0.05, 0.15]
Event Rate: [0.41, 0.47, 0.18, 0.18, 0.08, 0.05, 0.05, 0.40]
Event Rate: [0.41, 0.48, 0.19, 0.19, 0.08, 0.05, 0.06, 0.53]
Event Rate: [0.41, 0.48, 0.19, 0.19, 0.08, 0.05, 0.07, 0.52]
Event Rate: [0.41, 0.48, 0.20, 0.20, 0.09, 0.06, 0.08, 0.48]
Event Rate: [0.41, 0.49, 0.20, 0.20, 0.10, 0.07, 0.10, 0.46]
Event Rate: [0.41, 0.49, 0.21, 0.21, 0.10, 0.08, 0.12, 0.46]
Event Rate: [0.41, 0.49, 0.21, 0.21, 0.11, 0.09, 0.13, 0.50]
Event Rate: [0.41, 0.49, 0.22, 0.22, 0.12, 0.10, 0.15, 0.48]
Event Rate: [0.41, 0.50, 0.22, 0.22, 0.12, 0.10, 0.16, 0.47]
Event Rate: [0.41, 0.49, 0.22, 0.22, 0.13, 0.11, 0.17, 0.48]
Event Rate: [0.41, 0.50, 0.23, 0.23, 0.13, 0.12, 0.19, 0.47]
Event Rate: [0.41, 0.50, 0.24, 0.24, 0.14, 0.13, 0.21, 0.46]
Event Rate: [0.41, 0.50, 0.24, 0.24, 0.15, 0.14, 0.23, 0.44]
Event Rate: [0.41, 0.51, 0.24, 0.24, 0.15, 0.14, 0.23, 0.43]
Event Rate: [0.41, 0.51, 0.24, 0.24, 0.15, 0.14, 0.23, 0.43]
Event Rate: [0.41, 0.50, 0.24, 0.24, 0.15, 0.14, 0.23, 0.43]
Event Rate: [0.44, 0.55, 0.21, 0.21, 0.09, 0.05, 0.05, 0.22]
Event Rate: [0.45, 0.56, 0.22, 0.22, 0.09, 0.05, 0.05, 0.25]
Event Rate: [0.45, 0.56, 0.22, 0.22, 0.10, 0.05, 0.05, 0.27]
Event Rate: [0.43, 0.54, 0.23, 0.23, 0.10, 0.05, 0.06, 0.23]
Event Rate: [0.43, 0.54, 0.23, 0.23, 0.10, 0.05, 0.06, 0.25]
Event Rate: [0.43, 0.54, 0.23, 0.23, 0.10, 0.05, 0.06, 0.22]
Event Rate: [0.43, 0.54, 0.23, 0.23, 0.10, 0.05, 0.06, 0.23]
Event Rate: [0.43, 0.54, 0.23, 0.23, 0.10, 0.05, 0.06, 0.27]
Event Rate: [0.43, 0.54, 0.23, 0.23, 0.10, 0.05, 0.06, 0.35]
Event Rate: [0.43, 0.54, 0.23, 0.23, 0.10, 0.06, 0.06, 0.46]
Event Rate: [0.43, 0.54, 0.23, 0.23, 0.10, 0.06, 0.06, 0.46]
Event Rate: [0.43, 0.54, 0.23, 0.23, 0.10, 0.06, 0.07, 0.48]
Event Rate: [0.43, 0.54, 0.23, 0.23, 0.10, 0.06, 0.07, 0.47]
Event Rate: [0.43, 0.54, 0.23, 0.23, 0.11, 0.07, 0.09, 0.46]
Event Rate: [0.42, 0.54, 0.23, 0.23, 0.11, 0.07, 0.11, 0.44]
Event Rate: [0.42, 0.55, 0.24, 0.24, 0.12, 0.08, 0.13, 0.42]
Event Rate: [0.43, 0.55, 0.25, 0.25, 0.13, 0.10, 0.15, 0.42]
Event Rate: [0.43, 0.55, 0.25, 0.25, 0.14, 0.11, 0.17, 0.42]
Event Rate: [0.42, 0.54, 0.25, 0.25, 0.14, 0.12, 0.18, 0.42]
Event Rate: [0.43, 0.55, 0.26, 0.26, 0.15, 0.13, 0.21, 0.42]
Event Rate: [0.43, 0.55, 0.26, 0.26, 0.16, 0.14, 0.23, 0.43]
Event Rate: [0.43, 0.55, 0.26, 0.26, 0.16, 0.14, 0.22, 0.43]
Event Rate: [0.42, 0.54, 0.26, 0.26, 0.16, 0.14, 0.22, 0.42]
Event Rate: [0.42, 0.55, 0.26, 0.26, 0.16, 0.14, 0.22, 0.42]
Event Rate: [0.43, 0.55, 0.26, 0.26, 0.16, 0.14, 0.21, 0.42]
Event Rate: [0.43, 0.54, 0.25, 0.25, 0.15, 0.13, 0.21, 0.44]
Event Rate: [0.43, 0.55, 0.25, 0.25, 0.15, 0.13, 0.20, 0.45]
Event Rate: [0.43, 0.55, 0.25, 0.25, 0.14, 0.12, 0.19, 0.46]
Event Rate: [0.42, 0.55, 0.25, 0.25, 0.14, 0.12, 0.20, 0.45]
Event Rate: [0.42, 0.54, 0.25, 0.25, 0.14, 0.12, 0.19, 0.44]
Event Rate: [0.43, 0.55, 0.26, 0.26, 0.15, 0.13, 0.20, 0.45]
Event Rate: [0.43, 0.54, 0.24, 0.24, 0.14, 0.12, 0.19, 0.44]
Event Rate: [0.43, 0.55, 0.25, 0.25, 0.14, 0.12, 0.19, 0.45]
Event Rate: [0.43, 0.55, 0.25, 0.25, 0.14, 0.12, 0.20, 0.44]
Event Rate: [0.43, 0.55, 0.25, 0.25, 0.14, 0.12, 0.19, 0.45]
Event Rate: [0.43, 0.55, 0.24, 0.24, 0.14, 0.12, 0.19, 0.45]
Event Rate: [0.43, 0.54, 0.24, 0.24, 0.14, 0.12, 0.19, 0.44]
Event Rate: [0.43, 0.55, 0.24, 0.24, 0.14, 0.12, 0.19, 0.44]
Event Rate: [0.43, 0.54, 0.24, 0.24, 0.14, 0.12, 0.19, 0.43]
Event Rate: [0.44, 0.56, 0.25, 0.25, 0.15, 0.13, 0.20, 0.43]
Event Rate: [0.44, 0.55, 0.25, 0.25, 0.15, 0.13, 0.20, 0.44]
Event Rate: [0.43, 0.55, 0.24, 0.24, 0.14, 0.12, 0.19, 0.45]
Event Rate: [0.44, 0.56, 0.25, 0.25, 0.15, 0.13, 0.21, 0.45]
Event Rate: [0.43, 0.55, 0.24, 0.24, 0.14, 0.13, 0.19, 0.45]
Event Rate: [0.43, 0.55, 0.25, 0.25, 0.14, 0.13, 0.19, 0.45]
Event Rate: [0.43, 0.55, 0.24, 0.24, 0.14, 0.13, 0.19, 0.45]
Event Rate: [0.43, 0.55, 0.25, 0.25, 0.15, 0.13, 0.20, 0.45]
Event Rate: [0.44, 0.56, 0.25, 0.25, 0.15, 0.13, 0.20, 0.45]
Event Rate: [0.43, 0.55, 0.24, 0.24, 0.15, 0.13, 0.20, 0.45]
Event Rate: [0.43, 0.55, 0.24, 0.24, 0.15, 0.13, 0.20, 0.45]
Event Rate: [0.43, 0.55, 0.24, 0.24, 0.15, 0.13, 0.20, 0.46]
Event Rate: [0.43, 0.54, 0.24, 0.24, 0.15, 0.13, 0.20, 0.47]
Event Rate: [0.44, 0.56, 0.25, 0.25, 0.16, 0.14, 0.21, 0.47]
Event Rate: [0.43, 0.55, 0.25, 0.25, 0.15, 0.13, 0.20, 0.47]
Event Rate: [0.43, 0.54, 0.24, 0.24, 0.15, 0.14, 0.21, 0.49]
Event Rate: [0.43, 0.55, 0.25, 0.25, 0.15, 0.14, 0.21, 0.49]
Event Rate: [0.43, 0.55, 0.25, 0.25, 0.15, 0.14, 0.21, 0.49]
Event Rate: [0.43, 0.55, 0.25, 0.25, 0.15, 0.14, 0.21, 0.49]
Event Rate: [0.43, 0.54, 0.25, 0.25, 0.15, 0.13, 0.20, 0.50]
Event Rate: [0.43, 0.55, 0.25, 0.25, 0.16, 0.14, 0.21, 0.49]
Event Rate: [0.43, 0.54, 0.25, 0.25, 0.16, 0.14, 0.21, 0.49]
Event Rate: [0.43, 0.55, 0.25, 0.25, 0.16, 0.14, 0.21, 0.49]
Event Rate: [0.43, 0.55, 0.25, 0.25, 0.16, 0.14, 0.22, 0.49]
Event Rate: [0.43, 0.55, 0.25, 0.25, 0.16, 0.14, 0.21, 0.49]
Event Rate: [0.43, 0.55, 0.25, 0.25, 0.16, 0.14, 0.21, 0.49]
Event Rate: [0.43, 0.54, 0.24, 0.24, 0.16, 0.13, 0.21, 0.50]
Event Rate: [0.43, 0.55, 0.25, 0.25, 0.16, 0.14, 0.21, 0.49]
Event Rate: [0.43, 0.55, 0.25, 0.25, 0.15, 0.13, 0.20, 0.50]
Event Rate: [0.43, 0.54, 0.24, 0.24, 0.15, 0.13, 0.20, 0.49]
Event Rate: [0.43, 0.55, 0.25, 0.25, 0.16, 0.14, 0.21, 0.50]
Event Rate: [0.43, 0.55, 0.25, 0.25, 0.17, 0.15, 0.23, 0.49]
Event Rate: [0.43, 0.54, 0.25, 0.25, 0.16, 0.14, 0.21, 0.49]
Event Rate: [0.43, 0.55, 0.25, 0.25, 0.16, 0.14, 0.22, 0.49]
Event Rate: [0.43, 0.54, 0.25, 0.25, 0.16, 0.14, 0.22, 0.49]
Event Rate: [0.43, 0.55, 0.25, 0.25, 0.16, 0.14, 0.22, 0.50]
Event Rate: [0.43, 0.54, 0.25, 0.25, 0.16, 0.14, 0.21, 0.50]
Event Rate: [0.43, 0.55, 0.25, 0.25, 0.16, 0.14, 0.22, 0.51]
Event Rate: [0.43, 0.55, 0.25, 0.25, 0.16, 0.14, 0.22, 0.51]
Event Rate: [0.43, 0.54, 0.25, 0.25, 0.16, 0.14, 0.22, 0.50]
Event Rate: [0.43, 0.54, 0.25, 0.25, 0.16, 0.14, 0.22, 0.50]
Event Rate: [0.43, 0.55, 0.25, 0.25, 0.17, 0.15, 0.23, 0.50]
Event Rate: [0.43, 0.54, 0.25, 0.25, 0.16, 0.14, 0.22, 0.50]
Event Rate: [0.43, 0.54, 0.25, 0.25, 0.16, 0.14, 0.22, 0.50]
Event Rate: [0.43, 0.55, 0.25, 0.25, 0.16, 0.14, 0.22, 0.51]
Event Rate: [0.43, 0.54, 0.25, 0.25, 0.16, 0.14, 0.22, 0.51]
Event Rate: [0.43, 0.55, 0.26, 0.26, 0.17, 0.14, 0.22, 0.51]
Event Rate: [0.44, 0.55, 0.26, 0.26, 0.17, 0.15, 0.23, 0.51]
Event Rate: [0.43, 0.55, 0.26, 0.26, 0.17, 0.15, 0.23, 0.50]
Event Rate: [0.43, 0.54, 0.25, 0.25, 0.16, 0.14, 0.22, 0.49]
Event Rate: [0.43, 0.55, 0.25, 0.25, 0.16, 0.14, 0.22, 0.49]
Event Rate: [0.44, 0.56, 0.26, 0.26, 0.17, 0.15, 0.23, 0.49]
Event Rate: [0.43, 0.55, 0.25, 0.25, 0.17, 0.14, 0.22, 0.50]
Event Rate: [0.44, 0.56, 0.26, 0.26, 0.17, 0.15, 0.23, 0.50]
Event Rate: [0.44, 0.56, 0.26, 0.26, 0.17, 0.15, 0.23, 0.51]
Event Rate: [0.43, 0.55, 0.26, 0.26, 0.17, 0.14, 0.22, 0.51]
Event Rate: [0.43, 0.54, 0.25, 0.25, 0.16, 0.14, 0.22, 0.51]
Event Rate: [0.44, 0.56, 0.26, 0.26, 0.17, 0.15, 0.23, 0.50]
Event Rate: [0.43, 0.55, 0.25, 0.25, 0.17, 0.15, 0.23, 0.50]
Event Rate: [0.43, 0.55, 0.26, 0.26, 0.17, 0.15, 0.24, 0.50]
Event Rate: [0.43, 0.55, 0.26, 0.26, 0.16, 0.14, 0.22, 0.50]
Event Rate: [0.43, 0.55, 0.25, 0.25, 0.16, 0.14, 0.22, 0.50]
Event Rate: [0.44, 0.56, 0.26, 0.26, 0.17, 0.15, 0.23, 0.51]
Event Rate: [0.43, 0.55, 0.26, 0.26, 0.17, 0.14, 0.23, 0.50]
Event Rate: [0.43, 0.54, 0.25, 0.25, 0.16, 0.14, 0.21, 0.50]
Event Rate: [0.43, 0.55, 0.26, 0.26, 0.16, 0.14, 0.22, 0.51]
Event Rate: [0.43, 0.55, 0.26, 0.26, 0.16, 0.14, 0.22, 0.50]
Event Rate: [0.43, 0.54, 0.25, 0.25, 0.16, 0.14, 0.22, 0.50]
Event Rate: [0.43, 0.54, 0.26, 0.26, 0.17, 0.14, 0.22, 0.50]
Event Rate: [0.43, 0.55, 0.26, 0.26, 0.17, 0.15, 0.23, 0.50]
Event Rate: [0.44, 0.55, 0.26, 0.26, 0.17, 0.15, 0.23, 0.50]
Event Rate: [0.44, 0.56, 0.27, 0.27, 0.17, 0.15, 0.23, 0.51]
Event Rate: [0.43, 0.55, 0.26, 0.26, 0.17, 0.14, 0.22, 0.51]
Event Rate: [0.43, 0.55, 0.26, 0.26, 0.17, 0.14, 0.22, 0.52]
Event Rate: [0.43, 0.56, 0.26, 0.26, 0.17, 0.15, 0.23, 0.52]
Event Rate: [0.43, 0.55, 0.26, 0.26, 0.16, 0.14, 0.21, 0.52]
Event Rate: [0.43, 0.55, 0.25, 0.25, 0.16, 0.13, 0.21, 0.52]
Event Rate: [0.44, 0.56, 0.26, 0.26, 0.16, 0.14, 0.22, 0.51]
Event Rate: [0.43, 0.55, 0.26, 0.26, 0.16, 0.14, 0.21, 0.51]
Event Rate: [0.43, 0.54, 0.25, 0.25, 0.16, 0.13, 0.21, 0.51]
Event Rate: [0.43, 0.55, 0.26, 0.26, 0.16, 0.14, 0.22, 0.50]
Event Rate: [0.43, 0.55, 0.26, 0.26, 0.17, 0.14, 0.22, 0.50]
Event Rate: [0.43, 0.55, 0.26, 0.26, 0.17, 0.14, 0.22, 0.50]
Event Rate: [0.43, 0.55, 0.26, 0.26, 0.17, 0.15, 0.23, 0.49]
Event Rate: [0.43, 0.55, 0.26, 0.26, 0.17, 0.15, 0.23, 0.50]
Event Rate: [0.43, 0.55, 0.26, 0.26, 0.17, 0.15, 0.23, 0.50]
Event Rate: [0.43, 0.55, 0.26, 0.26, 0.17, 0.14, 0.22, 0.50]
Event Rate: [0.43, 0.55, 0.26, 0.26, 0.16, 0.14, 0.22, 0.50]
Event Rate: [0.43, 0.55, 0.26, 0.26, 0.17, 0.14, 0.23, 0.50]
Event Rate: [0.43, 0.55, 0.26, 0.26, 0.17, 0.15, 0.23, 0.50]
Event Rate: [0.43, 0.56, 0.27, 0.27, 0.17, 0.15, 0.23, 0.50]
Event Rate: [0.43, 0.55, 0.26, 0.26, 0.17, 0.15, 0.23, 0.50]
Event Rate: [0.43, 0.55, 0.26, 0.26, 0.17, 0.14, 0.22, 0.51]
Event Rate: [0.43, 0.56, 0.27, 0.27, 0.17, 0.15, 0.23, 0.50]
Event Rate: [0.43, 0.55, 0.26, 0.26, 0.17, 0.14, 0.22, 0.51]
Event Rate: [0.43, 0.55, 0.26, 0.26, 0.17, 0.14, 0.22, 0.51]
Event Rate: [0.43, 0.55, 0.26, 0.26, 0.17, 0.14, 0.22, 0.51]
Event Rate: [0.44, 0.56, 0.27, 0.27, 0.18, 0.16, 0.24, 0.51]
Event Rate: [0.43, 0.54, 0.26, 0.26, 0.17, 0.15, 0.23, 0.51]
Event Rate: [0.43, 0.56, 0.27, 0.27, 0.18, 0.15, 0.24, 0.51]
Event Rate: [0.43, 0.55, 0.27, 0.27, 0.18, 0.15, 0.24, 0.51]
Event Rate: [0.43, 0.55, 0.26, 0.26, 0.17, 0.15, 0.23, 0.52]
Event Rate: [0.43, 0.55, 0.26, 0.26, 0.17, 0.15, 0.23, 0.51]
Event Rate: [0.43, 0.55, 0.26, 0.26, 0.17, 0.14, 0.22, 0.51]
Event Rate: [0.43, 0.55, 0.26, 0.26, 0.17, 0.14, 0.23, 0.51]
Event Rate: [0.43, 0.55, 0.27, 0.27, 0.17, 0.15, 0.24, 0.51]
Event Rate: [0.43, 0.55, 0.26, 0.26, 0.17, 0.15, 0.23, 0.51]
Event Rate: [0.43, 0.55, 0.27, 0.27, 0.17, 0.15, 0.24, 0.50]
Event Rate: [0.43, 0.55, 0.26, 0.26, 0.17, 0.15, 0.24, 0.50]
Event Rate: [0.44, 0.56, 0.27, 0.27, 0.18, 0.16, 0.25, 0.50]
Event Rate: [0.43, 0.55, 0.27, 0.27, 0.17, 0.15, 0.24, 0.50]
Event Rate: [0.43, 0.55, 0.26, 0.26, 0.17, 0.14, 0.23, 0.50]
Event Rate: [0.44, 0.56, 0.27, 0.27, 0.18, 0.16, 0.24, 0.50]
Event Rate: [0.43, 0.55, 0.27, 0.27, 0.17, 0.15, 0.24, 0.50]
Event Rate: [0.43, 0.55, 0.27, 0.27, 0.17, 0.15, 0.24, 0.51]
Event Rate: [0.43, 0.55, 0.27, 0.27, 0.17, 0.15, 0.23, 0.52]
Event Rate: [0.43, 0.54, 0.26, 0.26, 0.17, 0.15, 0.23, 0.52]
Event Rate: [0.43, 0.55, 0.26, 0.26, 0.17, 0.15, 0.23, 0.51]
Event Rate: [0.43, 0.55, 0.27, 0.27, 0.18, 0.15, 0.23, 0.51]
Event Rate: [0.43, 0.54, 0.26, 0.26, 0.17, 0.15, 0.23, 0.51]
Event Rate: [0.43, 0.55, 0.26, 0.26, 0.17, 0.15, 0.23, 0.52]
Event Rate: [0.43, 0.55, 0.27, 0.27, 0.18, 0.16, 0.24, 0.51]
Event Rate: [0.43, 0.55, 0.27, 0.27, 0.18, 0.15, 0.24, 0.52]
Event Rate: [0.43, 0.54, 0.26, 0.26, 0.17, 0.15, 0.24, 0.52]
Event Rate: [0.52, 0.79, 0.52, 0.52, 0.52, 0.52, 0.76, 0.42]
Event Rate: [0.52, 0.79, 0.52, 0.52, 0.52, 0.52, 0.76, 0.41]
Event Rate: [0.52, 0.79, 0.52, 0.52, 0.52, 0.52, 0.76, 0.42]
Event Rate: [0.52, 0.79, 0.52, 0.52, 0.52, 0.52, 0.76, 0.43]
Event Rate: [0.52, 0.79, 0.52, 0.52, 0.52, 0.52, 0.76, 0.42]
Event Rate: [0.52, 0.79, 0.52, 0.52, 0.52, 0.52, 0.75, 0.42]
Event Rate: [0.52, 0.79, 0.52, 0.52, 0.52, 0.52, 0.75, 0.44]
Event Rate: [0.52, 0.79, 0.52, 0.52, 0.52, 0.52, 0.74, 0.44]
Event Rate: [0.52, 0.79, 0.52, 0.52, 0.51, 0.51, 0.72, 0.43]
Event Rate: [0.52, 0.79, 0.52, 0.52, 0.51, 0.50, 0.71, 0.43]
Event Rate: [0.52, 0.79, 0.52, 0.52, 0.51, 0.50, 0.71, 0.43]
Event Rate: [0.52, 0.79, 0.52, 0.52, 0.51, 0.50, 0.69, 0.43]
Event Rate: [0.52, 0.79, 0.51, 0.51, 0.50, 0.49, 0.68, 0.44]
Event Rate: [0.52, 0.78, 0.52, 0.52, 0.50, 0.48, 0.67, 0.43]
Event Rate: [0.52, 0.79, 0.52, 0.52, 0.50, 0.48, 0.66, 0.43]
Event Rate: [0.52, 0.78, 0.51, 0.51, 0.49, 0.47, 0.66, 0.42]
Event Rate: [0.52, 0.78, 0.52, 0.52, 0.50, 0.47, 0.66, 0.42]
Event Rate: [0.52, 0.78, 0.51, 0.51, 0.49, 0.47, 0.65, 0.41]
Event Rate: [0.52, 0.78, 0.51, 0.51, 0.49, 0.47, 0.65, 0.40]
Event Rate: [0.52, 0.78, 0.51, 0.51, 0.48, 0.47, 0.65, 0.40]
Event Rate: [0.52, 0.78, 0.51, 0.51, 0.48, 0.47, 0.65, 0.39]
Event Rate: [0.52, 0.78, 0.51, 0.51, 0.49, 0.47, 0.66, 0.39]
Event Rate: [0.52, 0.78, 0.51, 0.51, 0.49, 0.47, 0.65, 0.38]
Event Rate: [0.52, 0.78, 0.52, 0.52, 0.49, 0.48, 0.65, 0.39]
Event Rate: [0.52, 0.78, 0.51, 0.51, 0.49, 0.48, 0.66, 0.39]
Event Rate: [0.52, 0.79, 0.52, 0.52, 0.49, 0.48, 0.66, 0.40]
Event Rate: [0.52, 0.78, 0.51, 0.51, 0.49, 0.48, 0.66, 0.40]
Event Rate: [0.52, 0.78, 0.51, 0.51, 0.49, 0.48, 0.66, 0.40]
Event Rate: [0.52, 0.78, 0.52, 0.52, 0.49, 0.48, 0.66, 0.40]
Event Rate: [0.52, 0.78, 0.51, 0.51, 0.49, 0.48, 0.66, 0.41]
Event Rate: [0.52, 0.78, 0.52, 0.52, 0.49, 0.48, 0.66, 0.41]
Event Rate: [0.52, 0.78, 0.51, 0.51, 0.49, 0.48, 0.66, 0.41]
Event Rate: [0.52, 0.78, 0.51, 0.51, 0.49, 0.48, 0.66, 0.42]
Event Rate: [0.52, 0.78, 0.51, 0.51, 0.49, 0.48, 0.66, 0.42]
Event Rate: [0.52, 0.78, 0.51, 0.51, 0.49, 0.48, 0.67, 0.42]
Event Rate: [0.52, 0.78, 0.51, 0.51, 0.49, 0.48, 0.67, 0.43]
Event Rate: [0.52, 0.78, 0.51, 0.51, 0.48, 0.48, 0.67, 0.43]
Event Rate: [0.52, 0.78, 0.52, 0.52, 0.49, 0.48, 0.67, 0.44]
Event Rate: [0.52, 0.78, 0.52, 0.52, 0.49, 0.48, 0.67, 0.44]
Event Rate: [0.52, 0.78, 0.51, 0.51, 0.48, 0.48, 0.67, 0.43]
Event Rate: [0.52, 0.78, 0.51, 0.51, 0.49, 0.48, 0.67, 0.43]
Event Rate: [0.52, 0.78, 0.51, 0.51, 0.48, 0.48, 0.67, 0.42]
Event Rate: [0.52, 0.78, 0.51, 0.51, 0.48, 0.48, 0.67, 0.42]
Event Rate: [0.52, 0.78, 0.51, 0.51, 0.49, 0.48, 0.68, 0.41]
Event Rate: [0.52, 0.78, 0.51, 0.51, 0.49, 0.48, 0.68, 0.41]
Event Rate: [0.52, 0.78, 0.51, 0.51, 0.49, 0.48, 0.68, 0.41]
Event Rate: [0.52, 0.78, 0.51, 0.51, 0.49, 0.48, 0.68, 0.41]
Event Rate: [0.52, 0.78, 0.51, 0.51, 0.49, 0.48, 0.68, 0.41]
Event Rate: [0.52, 0.79, 0.51, 0.51, 0.49, 0.49, 0.68, 0.41]
Event Rate: [0.52, 0.78, 0.51, 0.51, 0.49, 0.48, 0.68, 0.41]
Event Rate: [0.52, 0.78, 0.51, 0.51, 0.49, 0.49, 0.68, 0.41]
Event Rate: [0.52, 0.78, 0.51, 0.51, 0.49, 0.49, 0.68, 0.40]
Event Rate: [0.52, 0.78, 0.51, 0.51, 0.49, 0.49, 0.68, 0.40]
Event Rate: [0.52, 0.78, 0.51, 0.51, 0.49, 0.49, 0.68, 0.39]
Event Rate: [0.52, 0.78, 0.51, 0.51, 0.49, 0.49, 0.69, 0.38]
Event Rate: [0.52, 0.78, 0.51, 0.51, 0.49, 0.49, 0.69, 0.39]
Event Rate: [0.52, 0.78, 0.51, 0.51, 0.49, 0.49, 0.69, 0.40]
Event Rate: [0.52, 0.78, 0.51, 0.51, 0.49, 0.49, 0.69, 0.39]
Event Rate: [0.52, 0.78, 0.51, 0.51, 0.49, 0.49, 0.69, 0.39]
Event Rate: [0.52, 0.78, 0.51, 0.51, 0.49, 0.48, 0.69, 0.40]
Event Rate: [0.52, 0.78, 0.51, 0.51, 0.49, 0.49, 0.69, 0.40]
Event Rate: [0.52, 0.78, 0.51, 0.51, 0.49, 0.49, 0.69, 0.41]
Event Rate: [0.52, 0.78, 0.51, 0.51, 0.50, 0.49, 0.69, 0.41]
Event Rate: [0.52, 0.78, 0.51, 0.51, 0.50, 0.49, 0.69, 0.41]
Event Rate: [0.52, 0.78, 0.50, 0.50, 0.49, 0.49, 0.69, 0.40]
Event Rate: [0.52, 0.78, 0.51, 0.51, 0.49, 0.49, 0.69, 0.40]
Event Rate: [0.52, 0.78, 0.50, 0.50, 0.49, 0.49, 0.69, 0.39]
Event Rate: [0.52, 0.78, 0.51, 0.51, 0.49, 0.49, 0.69, 0.40]
Event Rate: [0.52, 0.78, 0.51, 0.51, 0.50, 0.49, 0.69, 0.40]
Event Rate: [0.52, 0.79, 0.51, 0.51, 0.50, 0.49, 0.69, 0.41]
Event Rate: [0.52, 0.78, 0.51, 0.51, 0.50, 0.49, 0.69, 0.41]
Event Rate: [0.52, 0.78, 0.50, 0.50, 0.49, 0.49, 0.69, 0.39]
Event Rate: [0.52, 0.78, 0.51, 0.51, 0.50, 0.49, 0.69, 0.39]
Event Rate: [0.52, 0.78, 0.51, 0.51, 0.49, 0.49, 0.69, 0.39]
Event Rate: [0.52, 0.78, 0.51, 0.51, 0.50, 0.49, 0.69, 0.39]
Event Rate: [0.52, 0.79, 0.51, 0.51, 0.50, 0.49, 0.69, 0.39]
Event Rate: [0.52, 0.78, 0.51, 0.51, 0.50, 0.49, 0.69, 0.39]
Event Rate: [0.52, 0.79, 0.51, 0.51, 0.50, 0.49, 0.70, 0.39]
Event Rate: [0.52, 0.79, 0.51, 0.51, 0.50, 0.49, 0.70, 0.39]
Event Rate: [0.52, 0.79, 0.51, 0.51, 0.50, 0.49, 0.70, 0.40]
Event Rate: [0.52, 0.79, 0.51, 0.51, 0.50, 0.49, 0.70, 0.41]
Event Rate: [0.52, 0.78, 0.51, 0.51, 0.49, 0.50, 0.70, 0.41]
Event Rate: [0.52, 0.78, 0.51, 0.51, 0.50, 0.50, 0.70, 0.41]
Event Rate: [0.52, 0.78, 0.51, 0.51, 0.50, 0.50, 0.70, 0.43]
Event Rate: [0.52, 0.78, 0.51, 0.51, 0.49, 0.50, 0.70, 0.42]
Event Rate: [0.52, 0.78, 0.51, 0.51, 0.50, 0.50, 0.70, 0.41]
Event Rate: [0.52, 0.78, 0.51, 0.51, 0.50, 0.50, 0.70, 0.41]
Event Rate: [0.52, 0.78, 0.51, 0.51, 0.50, 0.50, 0.70, 0.41]
Event Rate: [0.52, 0.78, 0.51, 0.51, 0.50, 0.50, 0.70, 0.40]
Event Rate: [0.52, 0.78, 0.51, 0.51, 0.50, 0.50, 0.70, 0.40]
Event Rate: [0.52, 0.78, 0.51, 0.51, 0.50, 0.50, 0.70, 0.40]
Event Rate: [0.52, 0.78, 0.51, 0.51, 0.50, 0.50, 0.70, 0.40]
Event Rate: [0.52, 0.78, 0.51, 0.51, 0.50, 0.50, 0.70, 0.39]
Event Rate: [0.52, 0.78, 0.51, 0.51, 0.50, 0.50, 0.70, 0.39]
Event Rate: [0.52, 0.78, 0.51, 0.51, 0.50, 0.50, 0.70, 0.39]
Event Rate: [0.52, 0.78, 0.51, 0.51, 0.50, 0.50, 0.70, 0.39]
Event Rate: [0.52, 0.78, 0.51, 0.51, 0.50, 0.50, 0.70, 0.39]
Event Rate: [0.52, 0.78, 0.51, 0.51, 0.50, 0.50, 0.70, 0.39]
Event Rate: [0.52, 0.78, 0.51, 0.51, 0.50, 0.49, 0.70, 0.39]
Event Rate: [0.52, 0.78, 0.51, 0.51, 0.50, 0.49, 0.70, 0.39]
Event Rate: [0.52, 0.78, 0.51, 0.51, 0.50, 0.49, 0.70, 0.39]
Event Rate: [0.52, 0.78, 0.51, 0.51, 0.50, 0.49, 0.70, 0.39]
Event Rate: [0.52, 0.78, 0.51, 0.51, 0.50, 0.49, 0.70, 0.40]
Event Rate: [0.52, 0.78, 0.51, 0.51, 0.50, 0.49, 0.70, 0.41]
Event Rate: [0.52, 0.78, 0.51, 0.51, 0.50, 0.49, 0.70, 0.42]
Event Rate: [0.52, 0.78, 0.51, 0.51, 0.50, 0.49, 0.70, 0.42]
Event Rate: [0.52, 0.78, 0.51, 0.51, 0.50, 0.49, 0.70, 0.43]
Event Rate: [0.52, 0.78, 0.51, 0.51, 0.50, 0.50, 0.70, 0.43]
Event Rate: [0.52, 0.78, 0.51, 0.51, 0.50, 0.50, 0.70, 0.43]
Event Rate: [0.52, 0.78, 0.51, 0.51, 0.50, 0.50, 0.70, 0.43]
Event Rate: [0.52, 0.78, 0.51, 0.51, 0.50, 0.50, 0.70, 0.43]
Event Rate: [0.52, 0.79, 0.51, 0.51, 0.50, 0.50, 0.70, 0.43]
Event Rate: [0.52, 0.79, 0.51, 0.51, 0.50, 0.50, 0.70, 0.43]
Event Rate: [0.52, 0.79, 0.51, 0.51, 0.50, 0.50, 0.70, 0.43]
Event Rate: [0.52, 0.79, 0.51, 0.51, 0.50, 0.50, 0.70, 0.43]
Event Rate: [0.52, 0.78, 0.51, 0.51, 0.50, 0.50, 0.70, 0.43]
Event Rate: [0.52, 0.78, 0.51, 0.51, 0.50, 0.50, 0.70, 0.43]
Event Rate: [0.52, 0.79, 0.51, 0.51, 0.50, 0.50, 0.70, 0.43]
Event Rate: [0.52, 0.78, 0.51, 0.51, 0.50, 0.50, 0.70, 0.43]
Event Rate: [0.52, 0.78, 0.51, 0.51, 0.50, 0.50, 0.70, 0.43]
Event Rate: [0.52, 0.78, 0.51, 0.51, 0.50, 0.50, 0.70, 0.43]
Event Rate: [0.52, 0.78, 0.51, 0.51, 0.50, 0.50, 0.70, 0.42]
Event Rate: [0.52, 0.79, 0.51, 0.51, 0.50, 0.50, 0.70, 0.42]
Event Rate: [0.52, 0.79, 0.51, 0.51, 0.50, 0.50, 0.70, 0.43]
Event Rate: [0.52, 0.79, 0.51, 0.51, 0.50, 0.50, 0.70, 0.43]
Event Rate: [0.52, 0.79, 0.51, 0.51, 0.50, 0.50, 0.71, 0.43]
Event Rate: [0.89, 0.45, 0.31, 0.08, 0.07, 0.07, 0.43, 0.73, 0.88, 0.52, 1.00, 1.00, 0.04, 0.01, 0.00, 0.00, 0.00, 0.00, 0.00, 0.01, 0.01, 0.05, 0.47, 0.00, 0.00, 0.00]
Event Rate: [0.89, 0.45, 0.32, 0.08, 0.07, 0.07, 0.44, 0.74, 0.89, 0.53, 1.00, 1.00, 0.04, 0.01, 0.00, 0.00, 0.00, 0.00, 0.00, 0.01, 0.01, 0.05, 0.51, 0.00, 0.00, 0.00]
Event Rate: [0.89, 0.45, 0.32, 0.08, 0.07, 0.07, 0.43, 0.73, 0.88, 0.53, 1.00, 1.00, 0.04, 0.01, 0.00, 0.00, 0.00, 0.00, 0.00, 0.01, 0.01, 0.05, 0.48, 0.00, 0.00, 0.00]
Event Rate: [0.89, 0.46, 0.32, 0.09, 0.08, 0.07, 0.46, 0.76, 0.90, 0.55, 1.00, 1.00, 0.04, 0.01, 0.00, 0.00, 0.00, 0.00, 0.00, 0.01, 0.01, 0.05, 0.59, 0.00, 0.00, 0.00]
Event Rate: [0.89, 0.45, 0.32, 0.08, 0.07, 0.06, 0.42, 0.72, 0.87, 0.52, 1.00, 1.00, 0.04, 0.01, 0.00, 0.00, 0.00, 0.00, 0.00, 0.01, 0.01, 0.04, 0.46, 0.00, 0.00, 0.00]
Event Rate: [0.89, 0.45, 0.32, 0.08, 0.08, 0.07, 0.45, 0.74, 0.89, 0.54, 1.00, 1.00, 0.04, 0.01, 0.00, 0.00, 0.00, 0.00, 0.00, 0.01, 0.01, 0.05, 0.55, 0.00, 0.00, 0.00]
Event Rate: [0.89, 0.46, 0.32, 0.08, 0.08, 0.07, 0.45, 0.76, 0.90, 0.55, 1.00, 1.00, 0.05, 0.02, 0.00, 0.00, 0.00, 0.00, 0.00, 0.01, 0.01, 0.05, 0.62, 0.00, 0.00, 0.00]
Event Rate: [0.88, 0.45, 0.32, 0.08, 0.08, 0.08, 0.46, 0.75, 0.90, 0.55, 1.00, 1.00, 0.06, 0.02, 0.00, 0.00, 0.00, 0.00, 0.00, 0.02, 0.02, 0.06, 0.68, 0.00, 0.00, 0.00]
Event Rate: [0.89, 0.45, 0.32, 0.09, 0.08, 0.08, 0.46, 0.76, 0.90, 0.55, 1.00, 1.00, 0.07, 0.03, 0.00, 0.00, 0.00, 0.00, 0.00, 0.02, 0.02, 0.06, 0.78, 0.00, 0.00, 0.00]
Event Rate: [0.88, 0.44, 0.32, 0.10, 0.09, 0.09, 0.50, 0.80, 0.93, 0.58, 1.00, 1.00, 0.09, 0.04, 0.00, 0.00, 0.00, 0.00, 0.00, 0.03, 0.03, 0.07, 0.93, 0.00, 0.00, 0.01]
Event Rate: [0.88, 0.45, 0.32, 0.10, 0.10, 0.10, 0.52, 0.81, 0.93, 0.59, 1.00, 1.00, 0.11, 0.05, 0.00, 0.00, 0.00, 0.00, 0.00, 0.05, 0.05, 0.08, 0.97, 0.00, 0.05, 0.09]
Event Rate: [0.89, 0.45, 0.33, 0.11, 0.10, 0.10, 0.52, 0.81, 0.93, 0.59, 1.00, 1.00, 0.13, 0.07, 0.00, 0.00, 0.00, 0.00, 0.00, 0.06, 0.06, 0.09, 0.98, 0.00, 0.16, 0.26]
Event Rate: [0.89, 0.44, 0.33, 0.10, 0.10, 0.10, 0.52, 0.81, 0.93, 0.59, 1.00, 1.00, 0.14, 0.07, 0.00, 0.00, 0.00, 0.00, 0.00, 0.06, 0.06, 0.09, 0.98, 0.00, 0.16, 0.24]
Event Rate: [0.88, 0.45, 0.33, 0.11, 0.11, 0.12, 0.56, 0.84, 0.95, 0.61, 1.00, 1.00, 0.18, 0.10, 0.00, 0.00, 0.00, 0.00, 0.00, 0.09, 0.09, 0.11, 0.99, 0.01, 0.35, 0.77]
Event Rate: [0.88, 0.44, 0.33, 0.12, 0.12, 0.12, 0.56, 0.84, 0.95, 0.62, 1.00, 1.00, 0.22, 0.12, 0.00, 0.00, 0.00, 0.00, 0.00, 0.11, 0.11, 0.12, 1.00, 0.02, 0.60, 1.00]
Event Rate: [0.89, 0.45, 0.33, 0.11, 0.11, 0.12, 0.55, 0.83, 0.95, 0.61, 1.00, 1.00, 0.22, 0.12, 0.00, 0.00, 0.00, 0.00, 0.00, 0.11, 0.11, 0.12, 1.00, 0.02, 0.60, 1.00]
Event Rate: [0.88, 0.44, 0.32, 0.11, 0.12, 0.12, 0.57, 0.84, 0.95, 0.62, 1.00, 1.00, 0.26, 0.16, 0.00, 0.00, 0.00, 0.00, 0.00, 0.14, 0.14, 0.13, 1.00, 0.03, 0.77, 1.00]
Event Rate: [0.90, 0.46, 0.34, 0.12, 0.12, 0.12, 0.57, 0.84, 0.95, 0.62, 1.00, 1.00, 0.26, 0.16, 0.00, 0.00, 0.00, 0.00, 0.00, 0.15, 0.15, 0.13, 1.00, 0.03, 0.76, 1.00]
Event Rate: [0.88, 0.44, 0.34, 0.13, 0.13, 0.13, 0.58, 0.85, 0.95, 0.63, 1.00, 1.00, 0.30, 0.20, 0.00, 0.00, 0.00, 0.00, 0.00, 0.18, 0.18, 0.15, 1.00, 0.06, 0.84, 1.00]
Event Rate: [0.88, 0.44, 0.34, 0.13, 0.14, 0.14, 0.59, 0.85, 0.95, 0.63, 1.00, 1.00, 0.35, 0.25, 0.00, 0.00, 0.00, 0.00, 0.00, 0.22, 0.22, 0.17, 1.00, 0.10, 0.89, 1.00]
Event Rate: [0.88, 0.44, 0.34, 0.14, 0.14, 0.16, 0.60, 0.85, 0.95, 0.64, 1.00, 1.00, 0.39, 0.29, 0.00, 0.00, 0.00, 0.00, 0.00, 0.26, 0.26, 0.19, 1.00, 0.14, 0.92, 1.00]
Event Rate: [0.88, 0.45, 0.34, 0.14, 0.15, 0.16, 0.61, 0.86, 0.96, 0.65, 1.00, 1.00, 0.42, 0.32, 0.00, 0.00, 0.00, 0.00, 0.00, 0.29, 0.29, 0.20, 1.00, 0.18, 0.93, 1.00]
Event Rate: [0.89, 0.45, 0.35, 0.14, 0.15, 0.16, 0.61, 0.86, 0.96, 0.65, 1.00, 1.00, 0.42, 0.33, 0.00, 0.00, 0.00, 0.00, 0.00, 0.29, 0.29, 0.21, 1.00, 0.18, 0.92, 1.00]
Event Rate: [0.88, 0.44, 0.34, 0.14, 0.15, 0.16, 0.60, 0.86, 0.95, 0.64, 1.00, 1.00, 0.44, 0.35, 0.00, 0.00, 0.00, 0.00, 0.00, 0.32, 0.32, 0.21, 1.00, 0.22, 0.94, 1.00]
Event Rate: [0.89, 0.45, 0.35, 0.15, 0.16, 0.17, 0.62, 0.87, 0.96, 0.65, 1.00, 1.00, 0.46, 0.36, 0.00, 0.00, 0.00, 0.00, 0.00, 0.35, 0.35, 0.23, 1.00, 0.27, 0.94, 1.00]
Event Rate: [0.88, 0.44, 0.35, 0.15, 0.16, 0.18, 0.63, 0.87, 0.96, 0.66, 1.00, 1.00, 0.47, 0.38, 0.00, 0.00, 0.00, 0.00, 0.00, 0.37, 0.37, 0.24, 1.00, 0.30, 0.95, 1.00]
Event Rate: [0.89, 0.44, 0.35, 0.15, 0.16, 0.18, 0.63, 0.87, 0.96, 0.66, 1.00, 1.00, 0.47, 0.38, 0.00, 0.00, 0.00, 0.00, 0.00, 0.37, 0.37, 0.24, 1.00, 0.30, 0.95, 1.00]
Event Rate: [0.89, 0.45, 0.36, 0.15, 0.16, 0.18, 0.63, 0.87, 0.96, 0.66, 1.00, 1.00, 0.47, 0.38, 0.00, 0.00, 0.00, 0.00, 0.00, 0.38, 0.38, 0.25, 1.00, 0.31, 0.95, 1.00]
Event Rate: [0.89, 0.45, 0.36, 0.15, 0.17, 0.19, 0.63, 0.87, 0.96, 0.66, 1.00, 1.00, 0.47, 0.39, 0.00, 0.00, 0.00, 0.00, 0.00, 0.38, 0.38, 0.25, 1.00, 0.31, 0.96, 1.00]
Event Rate: [0.89, 0.45, 0.36, 0.15, 0.17, 0.19, 0.64, 0.87, 0.96, 0.66, 1.00, 1.00, 0.47, 0.39, 0.00, 0.00, 0.00, 0.00, 0.00, 0.38, 0.38, 0.26, 1.00, 0.31, 0.96, 1.00]
Event Rate: [0.89, 0.46, 0.37, 0.16, 0.18, 0.20, 0.65, 0.88, 0.96, 0.67, 1.00, 1.00, 0.47, 0.39, 0.00, 0.00, 0.00, 0.00, 0.00, 0.38, 0.38, 0.26, 1.00, 0.31, 0.97, 1.00]
Event Rate: [0.89, 0.45, 0.37, 0.16, 0.17, 0.19, 0.64, 0.87, 0.96, 0.67, 1.00, 1.00, 0.47, 0.38, 0.00, 0.00, 0.00, 0.00, 0.00, 0.37, 0.37, 0.25, 1.00, 0.31, 0.97, 1.00]
Event Rate: [0.88, 0.44, 0.35, 0.15, 0.16, 0.19, 0.63, 0.86, 0.96, 0.66, 1.00, 1.00, 0.46, 0.38, 0.00, 0.00, 0.00, 0.00, 0.00, 0.37, 0.37, 0.25, 1.00, 0.30, 0.96, 1.00]
Event Rate: [0.88, 0.45, 0.35, 0.15, 0.17, 0.19, 0.62, 0.86, 0.96, 0.66, 1.00, 1.00, 0.45, 0.37, 0.02, 0.00, 0.00, 0.02, 0.03, 0.35, 0.35, 0.25, 1.00, 0.30, 0.97, 1.00]
Event Rate: [0.89, 0.45, 0.36, 0.15, 0.16, 0.19, 0.63, 0.87, 0.96, 0.66, 1.00, 1.00, 0.44, 0.36, 0.06, 0.02, 0.01, 0.46, 0.94, 0.34, 0.34, 0.24, 1.00, 0.28, 0.96, 1.00]
Event Rate: [0.89, 0.45, 0.36, 0.15, 0.17, 0.19, 0.64, 0.87, 0.96, 0.66, 1.00, 1.00, 0.44, 0.36, 0.08, 0.04, 0.02, 0.84, 1.00, 0.33, 0.33, 0.24, 1.00, 0.28, 0.96, 1.00]
Event Rate: [0.88, 0.45, 0.36, 0.15, 0.17, 0.19, 0.62, 0.86, 0.96, 0.66, 1.00, 1.00, 0.43, 0.36, 0.13, 0.08, 0.04, 0.93, 1.00, 0.33, 0.33, 0.24, 1.00, 0.28, 0.95, 1.00]
Event Rate: [0.88, 0.45, 0.35, 0.15, 0.16, 0.19, 0.62, 0.86, 0.95, 0.65, 1.00, 1.00, 0.44, 0.38, 0.18, 0.12, 0.08, 0.93, 1.00, 0.33, 0.33, 0.24, 1.00, 0.28, 0.96, 1.00]
Event Rate: [0.89, 0.45, 0.36, 0.15, 0.17, 0.19, 0.63, 0.87, 0.96, 0.66, 1.00, 1.00, 0.45, 0.40, 0.25, 0.19, 0.13, 0.95, 1.00, 0.35, 0.35, 0.24, 1.00, 0.30, 0.97, 1.00]
Event Rate: [0.89, 0.44, 0.36, 0.16, 0.17, 0.20, 0.63, 0.87, 0.96, 0.66, 1.00, 1.00, 0.45, 0.42, 0.31, 0.25, 0.18, 0.96, 1.00, 0.36, 0.36, 0.25, 1.00, 0.31, 0.97, 1.00]
Event Rate: [0.88, 0.44, 0.35, 0.15, 0.17, 0.19, 0.62, 0.86, 0.96, 0.66, 1.00, 1.00, 0.45, 0.43, 0.35, 0.30, 0.23, 0.97, 1.00, 0.36, 0.36, 0.25, 1.00, 0.31, 0.96, 1.00]
Event Rate: [0.89, 0.45, 0.36, 0.16, 0.18, 0.20, 0.64, 0.87, 0.96, 0.67, 1.00, 1.00, 0.45, 0.44, 0.37, 0.33, 0.26, 0.98, 1.00, 0.36, 0.36, 0.25, 1.00, 0.31, 0.98, 1.00]
Event Rate: [0.89, 0.45, 0.36, 0.15, 0.17, 0.19, 0.63, 0.87, 0.96, 0.66, 1.00, 1.00, 0.45, 0.44, 0.38, 0.33, 0.27, 0.99, 1.00, 0.34, 0.34, 0.24, 1.00, 0.29, 0.97, 1.00]
Event Rate: [0.89, 0.44, 0.36, 0.15, 0.17, 0.19, 0.63, 0.86, 0.96, 0.66, 1.00, 1.00, 0.44, 0.43, 0.38, 0.33, 0.27, 0.98, 1.00, 0.33, 0.33, 0.24, 1.00, 0.28, 0.96, 1.00]
Event Rate: [0.89, 0.45, 0.36, 0.15, 0.16, 0.19, 0.62, 0.86, 0.96, 0.66, 1.00, 1.00, 0.43, 0.42, 0.36, 0.31, 0.25, 0.98, 1.00, 0.31, 0.31, 0.23, 1.00, 0.26, 0.96, 1.00]
Event Rate: [0.89, 0.45, 0.36, 0.14, 0.16, 0.18, 0.62, 0.86, 0.96, 0.66, 1.00, 1.00, 0.42, 0.41, 0.36, 0.30, 0.25, 0.98, 1.00, 0.31, 0.31, 0.23, 1.00, 0.26, 0.96, 1.00]
Event Rate: [0.89, 0.45, 0.37, 0.15, 0.16, 0.18, 0.63, 0.87, 0.96, 0.66, 1.00, 1.00, 0.42, 0.41, 0.35, 0.30, 0.24, 0.98, 1.00, 0.31, 0.31, 0.23, 1.00, 0.25, 0.95, 1.00]
Event Rate: [0.89, 0.45, 0.36, 0.15, 0.16, 0.18, 0.62, 0.86, 0.96, 0.65, 1.00, 1.00, 0.42, 0.40, 0.36, 0.31, 0.25, 0.98, 1.00, 0.31, 0.31, 0.23, 1.00, 0.26, 0.96, 1.00]
Event Rate: [0.89, 0.44, 0.36, 0.15, 0.17, 0.19, 0.63, 0.86, 0.95, 0.66, 1.00, 1.00, 0.42, 0.41, 0.38, 0.32, 0.26, 0.99, 1.00, 0.33, 0.33, 0.24, 1.00, 0.29, 0.97, 1.00]
Event Rate: [0.89, 0.46, 0.37, 0.16, 0.18, 0.20, 0.64, 0.87, 0.96, 0.67, 1.00, 1.00, 0.43, 0.41, 0.39, 0.33, 0.28, 0.99, 1.00, 0.34, 0.34, 0.25, 1.00, 0.30, 0.97, 1.00]
Event Rate: [0.89, 0.44, 0.35, 0.15, 0.17, 0.19, 0.63, 0.86, 0.96, 0.66, 1.00, 1.00, 0.43, 0.41, 0.39, 0.33, 0.28, 0.99, 1.00, 0.34, 0.34, 0.24, 1.00, 0.30, 0.97, 1.00]
Event Rate: [0.88, 0.44, 0.35, 0.15, 0.16, 0.19, 0.62, 0.86, 0.95, 0.65, 1.00, 1.00, 0.43, 0.40, 0.39, 0.33, 0.28, 0.99, 1.00, 0.33, 0.33, 0.24, 1.00, 0.29, 0.97, 1.00]
Event Rate: [0.88, 0.46, 0.37, 0.16, 0.17, 0.20, 0.63, 0.86, 0.96, 0.66, 1.00, 1.00, 0.43, 0.41, 0.39, 0.33, 0.29, 0.99, 1.00, 0.33, 0.33, 0.24, 1.00, 0.30, 0.97, 1.00]
Event Rate: [0.88, 0.45, 0.35, 0.15, 0.17, 0.19, 0.62, 0.86, 0.96, 0.66, 1.00, 1.00, 0.42, 0.41, 0.39, 0.33, 0.29, 0.99, 1.00, 0.33, 0.33, 0.24, 1.00, 0.29, 0.98, 1.00]
Event Rate: [0.89, 0.45, 0.36, 0.15, 0.16, 0.19, 0.62, 0.86, 0.96, 0.66, 1.00, 1.00, 0.41, 0.40, 0.38, 0.33, 0.28, 0.99, 1.00, 0.32, 0.32, 0.23, 1.00, 0.28, 0.97, 1.00]
Event Rate: [0.89, 0.45, 0.37, 0.15, 0.17, 0.19, 0.63, 0.87, 0.96, 0.66, 1.00, 1.00, 0.41, 0.40, 0.38, 0.32, 0.28, 0.99, 1.00, 0.32, 0.32, 0.23, 1.00, 0.28, 0.96, 1.00]
Event Rate: [0.89, 0.45, 0.36, 0.15, 0.17, 0.19, 0.63, 0.87, 0.96, 0.66, 1.00, 1.00, 0.41, 0.40, 0.38, 0.33, 0.28, 0.99, 1.00, 0.32, 0.32, 0.23, 1.00, 0.29, 0.98, 1.00]
Event Rate: [0.89, 0.45, 0.37, 0.15, 0.17, 0.19, 0.62, 0.86, 0.96, 0.66, 1.00, 1.00, 0.41, 0.40, 0.38, 0.33, 0.28, 0.99, 1.00, 0.32, 0.32, 0.23, 1.00, 0.29, 0.97, 1.00]
Event Rate: [0.89, 0.45, 0.36, 0.15, 0.17, 0.19, 0.62, 0.86, 0.95, 0.66, 1.00, 1.00, 0.41, 0.40, 0.38, 0.33, 0.29, 0.99, 1.00, 0.33, 0.33, 0.24, 1.00, 0.29, 0.97, 1.00]
Event Rate: [0.88, 0.44, 0.35, 0.15, 0.16, 0.18, 0.62, 0.86, 0.96, 0.65, 1.00, 1.00, 0.41, 0.40, 0.38, 0.32, 0.28, 0.99, 1.00, 0.33, 0.33, 0.23, 1.00, 0.29, 0.97, 1.00]
Event Rate: [0.89, 0.46, 0.37, 0.16, 0.17, 0.20, 0.64, 0.88, 0.96, 0.67, 1.00, 1.00, 0.42, 0.40, 0.38, 0.32, 0.28, 0.99, 1.00, 0.33, 0.33, 0.24, 1.00, 0.30, 0.97, 1.00]
Event Rate: [0.89, 0.45, 0.36, 0.16, 0.17, 0.20, 0.64, 0.87, 0.96, 0.67, 1.00, 1.00, 0.42, 0.39, 0.37, 0.31, 0.27, 0.98, 1.00, 0.33, 0.33, 0.24, 1.00, 0.30, 0.96, 1.00]
Event Rate: [0.89, 0.45, 0.36, 0.15, 0.16, 0.19, 0.62, 0.86, 0.95, 0.66, 1.00, 1.00, 0.41, 0.39, 0.36, 0.29, 0.25, 0.99, 1.00, 0.32, 0.32, 0.23, 1.00, 0.29, 0.97, 1.00]
Event Rate: [0.89, 0.45, 0.37, 0.16, 0.17, 0.20, 0.63, 0.87, 0.96, 0.66, 1.00, 1.00, 0.41, 0.39, 0.37, 0.30, 0.27, 0.99, 1.00, 0.33, 0.33, 0.24, 1.00, 0.29, 0.97, 1.00]
Event Rate: [0.89, 0.46, 0.36, 0.15, 0.17, 0.19, 0.62, 0.86, 0.96, 0.66, 1.00, 1.00, 0.41, 0.39, 0.37, 0.31, 0.27, 0.99, 1.00, 0.32, 0.32, 0.24, 1.00, 0.29, 0.97, 1.00]
Event Rate: [0.89, 0.45, 0.36, 0.15, 0.17, 0.19, 0.62, 0.86, 0.95, 0.66, 1.00, 1.00, 0.41, 0.39, 0.37, 0.31, 0.28, 0.99, 1.00, 0.32, 0.32, 0.24, 1.00, 0.29, 0.96, 1.00]
Event Rate: [0.88, 0.45, 0.36, 0.15, 0.16, 0.18, 0.62, 0.86, 0.95, 0.65, 1.00, 1.00, 0.41, 0.39, 0.36, 0.30, 0.27, 0.99, 1.00, 0.32, 0.32, 0.23, 1.00, 0.28, 0.97, 1.00]
Event Rate: [0.89, 0.46, 0.36, 0.15, 0.16, 0.18, 0.61, 0.86, 0.95, 0.65, 1.00, 1.00, 0.40, 0.38, 0.35, 0.29, 0.26, 0.99, 1.00, 0.31, 0.31, 0.23, 1.00, 0.28, 0.97, 1.00]
Event Rate: [0.89, 0.45, 0.36, 0.15, 0.16, 0.19, 0.63, 0.87, 0.96, 0.66, 1.00, 1.00, 0.41, 0.38, 0.36, 0.30, 0.26, 0.99, 1.00, 0.32, 0.32, 0.23, 1.00, 0.29, 0.96, 1.00]
Event Rate: [0.88, 0.44, 0.35, 0.15, 0.16, 0.19, 0.61, 0.85, 0.95, 0.65, 1.00, 1.00, 0.41, 0.38, 0.36, 0.30, 0.27, 0.99, 1.00, 0.32, 0.32, 0.23, 1.00, 0.29, 0.97, 1.00]
Event Rate: [0.89, 0.44, 0.36, 0.15, 0.16, 0.19, 0.61, 0.86, 0.95, 0.65, 1.00, 1.00, 0.41, 0.38, 0.36, 0.30, 0.27, 0.99, 1.00, 0.32, 0.32, 0.23, 1.00, 0.29, 0.96, 1.00]
Event Rate: [0.88, 0.45, 0.36, 0.15, 0.17, 0.20, 0.62, 0.86, 0.95, 0.66, 1.00, 1.00, 0.42, 0.38, 0.36, 0.30, 0.27, 0.99, 1.00, 0.32, 0.32, 0.24, 1.00, 0.30, 0.97, 1.00]
Event Rate: [0.89, 0.44, 0.36, 0.15, 0.16, 0.19, 0.61, 0.85, 0.95, 0.65, 1.00, 1.00, 0.41, 0.38, 0.35, 0.29, 0.26, 0.99, 1.00, 0.32, 0.32, 0.23, 1.00, 0.29, 0.97, 1.00]
Event Rate: [0.88, 0.43, 0.36, 0.15, 0.16, 0.19, 0.61, 0.85, 0.95, 0.65, 1.00, 1.00, 0.41, 0.37, 0.34, 0.28, 0.25, 0.99, 1.00, 0.31, 0.31, 0.23, 1.00, 0.29, 0.97, 1.00]
Event Rate: [0.88, 0.45, 0.36, 0.16, 0.17, 0.19, 0.62, 0.86, 0.96, 0.66, 1.00, 1.00, 0.41, 0.37, 0.34, 0.28, 0.25, 0.99, 1.00, 0.31, 0.31, 0.23, 1.00, 0.29, 0.97, 1.00]
Event Rate: [0.88, 0.44, 0.36, 0.15, 0.16, 0.19, 0.61, 0.85, 0.95, 0.65, 1.00, 1.00, 0.41, 0.37, 0.34, 0.28, 0.25, 0.99, 1.00, 0.31, 0.31, 0.23, 1.00, 0.28, 0.97, 1.00]
Event Rate: [0.89, 0.44, 0.36, 0.15, 0.16, 0.18, 0.62, 0.86, 0.95, 0.65, 1.00, 1.00, 0.41, 0.37, 0.33, 0.28, 0.24, 0.99, 1.00, 0.31, 0.31, 0.22, 1.00, 0.28, 0.97, 1.00]
Event Rate: [0.89, 0.45, 0.37, 0.15, 0.17, 0.19, 0.62, 0.86, 0.95, 0.66, 1.00, 1.00, 0.41, 0.37, 0.34, 0.29, 0.25, 0.99, 1.00, 0.31, 0.31, 0.23, 1.00, 0.29, 0.97, 1.00]
Event Rate: [0.89, 0.45, 0.35, 0.15, 0.17, 0.19, 0.62, 0.86, 0.96, 0.66, 1.00, 1.00, 0.42, 0.37, 0.34, 0.29, 0.26, 0.99, 1.00, 0.32, 0.32, 0.23, 1.00, 0.29, 0.98, 1.00]
Event Rate: [0.88, 0.44, 0.36, 0.15, 0.16, 0.19, 0.62, 0.86, 0.95, 0.65, 1.00, 1.00, 0.41, 0.37, 0.34, 0.28, 0.25, 0.99, 1.00, 0.31, 0.31, 0.23, 1.00, 0.28, 0.98, 1.00]
Event Rate: [0.88, 0.45, 0.36, 0.16, 0.17, 0.20, 0.63, 0.86, 0.95, 0.66, 1.00, 1.00, 0.42, 0.37, 0.34, 0.28, 0.25, 0.99, 1.00, 0.31, 0.31, 0.24, 1.00, 0.29, 0.98, 1.00]
Event Rate: [0.89, 0.44, 0.36, 0.15, 0.16, 0.18, 0.61, 0.85, 0.95, 0.65, 1.00, 1.00, 0.41, 0.36, 0.32, 0.27, 0.24, 0.99, 1.00, 0.31, 0.31, 0.23, 1.00, 0.28, 0.98, 1.00]
Event Rate: [0.89, 0.44, 0.35, 0.15, 0.16, 0.19, 0.62, 0.86, 0.95, 0.65, 1.00, 1.00, 0.41, 0.36, 0.32, 0.27, 0.23, 0.99, 1.00, 0.31, 0.31, 0.23, 1.00, 0.28, 0.98, 1.00]
Event Rate: [0.89, 0.44, 0.37, 0.15, 0.16, 0.19, 0.61, 0.85, 0.95, 0.65, 1.00, 1.00, 0.41, 0.36, 0.32, 0.27, 0.24, 0.99, 1.00, 0.31, 0.31, 0.23, 1.00, 0.28, 0.98, 1.00]
Event Rate: [0.89, 0.45, 0.36, 0.15, 0.17, 0.20, 0.63, 0.86, 0.96, 0.66, 1.00, 1.00, 0.41, 0.36, 0.32, 0.27, 0.24, 0.99, 1.00, 0.31, 0.31, 0.23, 1.00, 0.28, 0.98, 1.00]
Event Rate: [0.89, 0.45, 0.36, 0.15, 0.17, 0.19, 0.62, 0.85, 0.95, 0.65, 1.00, 1.00, 0.41, 0.36, 0.32, 0.26, 0.23, 0.99, 1.00, 0.31, 0.31, 0.23, 1.00, 0.28, 0.97, 1.00]
Event Rate: [0.89, 0.44, 0.35, 0.15, 0.16, 0.18, 0.61, 0.85, 0.95, 0.65, 1.00, 1.00, 0.41, 0.36, 0.31, 0.26, 0.23, 0.99, 1.00, 0.30, 0.30, 0.22, 1.00, 0.27, 0.98, 1.00]
Event Rate: [0.88, 0.44, 0.35, 0.14, 0.16, 0.18, 0.61, 0.85, 0.95, 0.65, 1.00, 1.00, 0.42, 0.36, 0.32, 0.27, 0.24, 1.00, 1.00, 0.31, 0.31, 0.23, 1.00, 0.28, 0.98, 1.00]
Event Rate: [0.88, 0.44, 0.36, 0.15, 0.16, 0.19, 0.61, 0.85, 0.95, 0.65, 1.00, 1.00, 0.42, 0.36, 0.32, 0.27, 0.24, 0.99, 1.00, 0.31, 0.31, 0.23, 1.00, 0.28, 0.98, 1.00]
Event Rate: [0.89, 0.45, 0.37, 0.16, 0.17, 0.20, 0.63, 0.87, 0.96, 0.66, 1.00, 1.00, 0.42, 0.36, 0.31, 0.26, 0.23, 0.99, 1.00, 0.31, 0.31, 0.24, 1.00, 0.28, 0.98, 1.00]
Event Rate: [0.88, 0.44, 0.35, 0.15, 0.16, 0.19, 0.61, 0.85, 0.95, 0.65, 1.00, 1.00, 0.41, 0.36, 0.29, 0.24, 0.21, 0.99, 1.00, 0.30, 0.30, 0.23, 1.00, 0.27, 0.98, 1.00]
Event Rate: [0.89, 0.45, 0.36, 0.15, 0.16, 0.19, 0.62, 0.86, 0.95, 0.65, 1.00, 1.00, 0.41, 0.36, 0.29, 0.24, 0.21, 0.99, 1.00, 0.31, 0.31, 0.23, 1.00, 0.27, 0.98, 1.00]
Event Rate: [0.88, 0.43, 0.35, 0.14, 0.16, 0.19, 0.61, 0.85, 0.95, 0.65, 1.00, 1.00, 0.42, 0.36, 0.30, 0.25, 0.22, 0.99, 1.00, 0.31, 0.31, 0.23, 1.00, 0.28, 0.98, 1.00]
Event Rate: [0.88, 0.44, 0.35, 0.15, 0.16, 0.18, 0.61, 0.85, 0.95, 0.65, 1.00, 1.00, 0.42, 0.36, 0.30, 0.25, 0.23, 0.99, 1.00, 0.31, 0.31, 0.23, 1.00, 0.28, 0.99, 1.00]
Event Rate: [0.89, 0.44, 0.36, 0.15, 0.16, 0.18, 0.60, 0.85, 0.95, 0.65, 1.00, 1.00, 0.41, 0.36, 0.31, 0.26, 0.23, 0.99, 1.00, 0.31, 0.31, 0.22, 1.00, 0.28, 0.98, 1.00]
Event Rate: [0.89, 0.45, 0.36, 0.15, 0.17, 0.19, 0.62, 0.86, 0.96, 0.66, 1.00, 1.00, 0.42, 0.36, 0.30, 0.26, 0.23, 0.99, 1.00, 0.32, 0.32, 0.23, 1.00, 0.29, 0.99, 1.00]
Event Rate: [0.90, 0.45, 0.37, 0.15, 0.16, 0.19, 0.62, 0.86, 0.95, 0.66, 1.00, 1.00, 0.41, 0.36, 0.30, 0.25, 0.22, 0.99, 1.00, 0.31, 0.31, 0.23, 1.00, 0.28, 0.98, 1.00]
Event Rate: [0.88, 0.43, 0.36, 0.15, 0.16, 0.19, 0.61, 0.85, 0.95, 0.65, 1.00, 1.00, 0.41, 0.35, 0.29, 0.25, 0.22, 0.99, 1.00, 0.31, 0.31, 0.23, 1.00, 0.28, 0.98, 1.00]
Event Rate: [0.89, 0.45, 0.36, 0.15, 0.17, 0.19, 0.62, 0.86, 0.96, 0.66, 1.00, 1.00, 0.42, 0.36, 0.30, 0.26, 0.23, 0.99, 1.00, 0.32, 0.32, 0.23, 1.00, 0.28, 0.98, 1.00]
Event Rate: [0.89, 0.45, 0.36, 0.15, 0.16, 0.19, 0.61, 0.85, 0.95, 0.65, 1.00, 1.00, 0.41, 0.35, 0.30, 0.25, 0.22, 0.99, 1.00, 0.31, 0.31, 0.23, 1.00, 0.28, 0.98, 1.00]
Event Rate: [0.88, 0.43, 0.36, 0.15, 0.16, 0.19, 0.61, 0.85, 0.95, 0.65, 1.00, 1.00, 0.41, 0.35, 0.29, 0.25, 0.22, 0.99, 1.00, 0.31, 0.31, 0.23, 1.00, 0.27, 0.98, 1.00]
Event Rate: [0.89, 0.52, 0.33, 0.10, 0.10, 0.10, 0.51, 0.79, 0.91, 0.58, 1.00, 1.00, 0.05, 0.02, 0.00, 0.00, 0.00, 0.00, 0.00, 0.01, 0.01, 0.07, 0.73, 0.00, 0.00, 0.00]
Event Rate: [0.88, 0.50, 0.31, 0.09, 0.09, 0.09, 0.47, 0.75, 0.88, 0.55, 1.00, 1.00, 0.05, 0.02, 0.00, 0.00, 0.00, 0.00, 0.00, 0.01, 0.01, 0.06, 0.64, 0.00, 0.00, 0.00]
Event Rate: [0.88, 0.47, 0.31, 0.13, 0.26, 0.28, 0.32, 0.33, 0.52, 0.47, 0.45, 0.40, 0.42, 0.43, 0.45, 0.83, 0.83, 0.57, 0.57, 0.51, 0.53]
Event Rate: [0.88, 0.47, 0.31, 0.14, 0.27, 0.28, 0.32, 0.34, 0.52, 0.47, 0.45, 0.41, 0.42, 0.43, 0.45, 0.84, 0.84, 0.57, 0.57, 0.50, 0.53]
Event Rate: [0.87, 0.46, 0.31, 0.13, 0.26, 0.28, 0.32, 0.33, 0.52, 0.47, 0.45, 0.40, 0.42, 0.43, 0.44, 0.83, 0.83, 0.57, 0.57, 0.51, 0.54]
Event Rate: [0.89, 0.49, 0.33, 0.14, 0.27, 0.29, 0.33, 0.34, 0.53, 0.48, 0.46, 0.41, 0.43, 0.44, 0.46, 0.84, 0.84, 0.57, 0.57, 0.50, 0.53]
Event Rate: [0.89, 0.48, 0.32, 0.14, 0.26, 0.28, 0.32, 0.34, 0.53, 0.47, 0.46, 0.41, 0.42, 0.44, 0.45, 0.84, 0.84, 0.57, 0.57, 0.50, 0.53]
Event Rate: [0.89, 0.47, 0.31, 0.13, 0.26, 0.28, 0.32, 0.34, 0.53, 0.47, 0.46, 0.41, 0.42, 0.44, 0.45, 0.84, 0.84, 0.57, 0.57, 0.50, 0.53]
Event Rate: [0.88, 0.47, 0.31, 0.14, 0.27, 0.28, 0.32, 0.34, 0.52, 0.47, 0.45, 0.40, 0.42, 0.43, 0.45, 0.83, 0.83, 0.57, 0.57, 0.50, 0.54]
Event Rate: [0.89, 0.48, 0.32, 0.14, 0.27, 0.29, 0.33, 0.34, 0.53, 0.48, 0.46, 0.41, 0.43, 0.44, 0.45, 0.84, 0.84, 0.57, 0.57, 0.51, 0.53]
Event Rate: [0.88, 0.47, 0.31, 0.14, 0.27, 0.28, 0.32, 0.34, 0.53, 0.48, 0.46, 0.41, 0.42, 0.44, 0.45, 0.84, 0.84, 0.57, 0.57, 0.50, 0.54]
Event Rate: [0.88, 0.47, 0.31, 0.14, 0.26, 0.28, 0.32, 0.34, 0.52, 0.47, 0.45, 0.41, 0.42, 0.43, 0.45, 0.83, 0.83, 0.57, 0.56, 0.51, 0.55]
Event Rate: [0.89, 0.47, 0.31, 0.13, 0.26, 0.28, 0.32, 0.33, 0.52, 0.47, 0.45, 0.41, 0.42, 0.43, 0.45, 0.83, 0.83, 0.56, 0.57, 0.51, 0.54]
Event Rate: [0.88, 0.47, 0.32, 0.14, 0.27, 0.28, 0.33, 0.34, 0.53, 0.47, 0.46, 0.41, 0.42, 0.44, 0.45, 0.84, 0.84, 0.57, 0.56, 0.50, 0.54]
Event Rate: [0.89, 0.48, 0.32, 0.14, 0.27, 0.29, 0.33, 0.34, 0.53, 0.48, 0.46, 0.41, 0.43, 0.44, 0.45, 0.84, 0.84, 0.57, 0.57, 0.50, 0.54]
Event Rate: [0.84, 0.46, 0.31, 0.13, 0.25, 0.27, 0.30, 0.32, 0.51, 0.46, 0.44, 0.39, 0.41, 0.42, 0.42, 0.83, 0.83, 0.57, 0.54, 0.47, 0.44]
Event Rate: [0.84, 0.47, 0.30, 0.12, 0.25, 0.26, 0.30, 0.32, 0.50, 0.45, 0.43, 0.39, 0.40, 0.41, 0.40, 0.82, 0.82, 0.56, 0.51, 0.49, 0.41]
Event Rate: [0.86, 0.48, 0.31, 0.12, 0.24, 0.25, 0.29, 0.32, 0.51, 0.45, 0.43, 0.38, 0.40, 0.41, 0.40, 0.83, 0.83, 0.55, 0.49, 0.49, 0.48]
Event Rate: [0.85, 0.47, 0.31, 0.12, 0.24, 0.25, 0.28, 0.31, 0.50, 0.43, 0.42, 0.37, 0.39, 0.40, 0.39, 0.82, 0.82, 0.54, 0.46, 0.49, 0.47]
Event Rate: [0.85, 0.47, 0.30, 0.12, 0.24, 0.24, 0.27, 0.30, 0.49, 0.43, 0.41, 0.36, 0.39, 0.39, 0.38, 0.82, 0.82, 0.53, 0.45, 0.50, 0.46]
Event Rate: [0.85, 0.47, 0.30, 0.11, 0.23, 0.23, 0.27, 0.29, 0.48, 0.42, 0.40, 0.35, 0.37, 0.37, 0.36, 0.81, 0.81, 0.52, 0.43, 0.50, 0.45]
Event Rate: [0.86, 0.48, 0.30, 0.11, 0.23, 0.23, 0.26, 0.28, 0.48, 0.41, 0.39, 0.34, 0.36, 0.35, 0.35, 0.81, 0.81, 0.51, 0.41, 0.49, 0.44]
Event Rate: [0.86, 0.48, 0.31, 0.11, 0.22, 0.22, 0.25, 0.28, 0.47, 0.41, 0.39, 0.33, 0.35, 0.34, 0.34, 0.81, 0.81, 0.50, 0.40, 0.48, 0.44]
Event Rate: [0.85, 0.47, 0.30, 0.10, 0.21, 0.22, 0.24, 0.27, 0.47, 0.40, 0.37, 0.32, 0.35, 0.33, 0.34, 0.80, 0.80, 0.50, 0.40, 0.47, 0.48]
Event Rate: [0.85, 0.48, 0.30, 0.10, 0.22, 0.22, 0.24, 0.27, 0.47, 0.40, 0.37, 0.32, 0.35, 0.33, 0.34, 0.80, 0.80, 0.49, 0.38, 0.46, 0.46]
Event Rate: [0.86, 0.48, 0.31, 0.10, 0.21, 0.21, 0.23, 0.26, 0.46, 0.40, 0.37, 0.32, 0.34, 0.33, 0.34, 0.80, 0.80, 0.48, 0.37, 0.47, 0.42]
Event Rate: [0.85, 0.48, 0.30, 0.10, 0.20, 0.20, 0.22, 0.25, 0.45, 0.39, 0.35, 0.30, 0.33, 0.31, 0.32, 0.79, 0.79, 0.47, 0.36, 0.46, 0.45]
Event Rate: [0.86, 0.49, 0.31, 0.09, 0.20, 0.19, 0.21, 0.24, 0.45, 0.39, 0.35, 0.30, 0.32, 0.30, 0.32, 0.79, 0.79, 0.46, 0.34, 0.47, 0.50]
Event Rate: [0.85, 0.48, 0.30, 0.09, 0.20, 0.19, 0.20, 0.24, 0.44, 0.38, 0.34, 0.29, 0.32, 0.30, 0.32, 0.79, 0.79, 0.46, 0.33, 0.47, 0.57]
Event Rate: [0.85, 0.48, 0.30, 0.09, 0.19, 0.18, 0.19, 0.23, 0.43, 0.38, 0.33, 0.28, 0.31, 0.29, 0.31, 0.77, 0.77, 0.45, 0.33, 0.47, 0.51]
Event Rate: [0.85, 0.48, 0.30, 0.09, 0.19, 0.18, 0.19, 0.23, 0.43, 0.38, 0.33, 0.28, 0.31, 0.29, 0.31, 0.77, 0.77, 0.44, 0.33, 0.46, 0.47]
Event Rate: [0.85, 0.48, 0.31, 0.09, 0.19, 0.18, 0.19, 0.22, 0.42, 0.37, 0.32, 0.28, 0.30, 0.29, 0.30, 0.77, 0.77, 0.44, 0.33, 0.46, 0.47]
Event Rate: [0.86, 0.48, 0.31, 0.08, 0.19, 0.17, 0.18, 0.22, 0.42, 0.38, 0.32, 0.28, 0.31, 0.29, 0.31, 0.76, 0.76, 0.43, 0.33, 0.45, 0.41]
Event Rate: [0.85, 0.47, 0.30, 0.08, 0.18, 0.16, 0.17, 0.20, 0.40, 0.36, 0.31, 0.26, 0.29, 0.27, 0.29, 0.75, 0.75, 0.43, 0.32, 0.46, 0.41]
Event Rate: [0.86, 0.48, 0.31, 0.08, 0.19, 0.17, 0.18, 0.21, 0.42, 0.37, 0.32, 0.28, 0.30, 0.29, 0.30, 0.76, 0.76, 0.42, 0.31, 0.48, 0.39]
Event Rate: [0.86, 0.48, 0.31, 0.08, 0.19, 0.16, 0.17, 0.21, 0.41, 0.36, 0.31, 0.27, 0.29, 0.28, 0.30, 0.75, 0.75, 0.42, 0.31, 0.49, 0.42]
Event Rate: [0.85, 0.46, 0.30, 0.07, 0.17, 0.15, 0.16, 0.20, 0.39, 0.36, 0.30, 0.26, 0.29, 0.27, 0.29, 0.73, 0.73, 0.42, 0.31, 0.48, 0.40]
Event Rate: [0.85, 0.47, 0.30, 0.07, 0.17, 0.14, 0.15, 0.19, 0.38, 0.35, 0.29, 0.25, 0.28, 0.27, 0.28, 0.72, 0.72, 0.41, 0.30, 0.47, 0.36]
Event Rate: [0.85, 0.48, 0.31, 0.07, 0.17, 0.14, 0.14, 0.18, 0.37, 0.35, 0.28, 0.25, 0.28, 0.27, 0.28, 0.73, 0.73, 0.41, 0.30, 0.47, 0.34]
Event Rate: [0.85, 0.47, 0.30, 0.07, 0.16, 0.14, 0.14, 0.18, 0.38, 0.35, 0.28, 0.25, 0.28, 0.27, 0.28, 0.72, 0.72, 0.41, 0.30, 0.46, 0.36]
Event Rate: [0.85, 0.47, 0.30, 0.07, 0.16, 0.13, 0.14, 0.18, 0.37, 0.35, 0.28, 0.25, 0.27, 0.26, 0.28, 0.71, 0.71, 0.40, 0.29, 0.46, 0.38]
Event Rate: [0.85, 0.48, 0.31, 0.07, 0.16, 0.13, 0.14, 0.17, 0.37, 0.35, 0.28, 0.24, 0.27, 0.26, 0.28, 0.71, 0.71, 0.40, 0.30, 0.45, 0.38]
Event Rate: [0.86, 0.48, 0.31, 0.06, 0.16, 0.13, 0.13, 0.17, 0.36, 0.34, 0.27, 0.24, 0.26, 0.25, 0.27, 0.71, 0.71, 0.39, 0.30, 0.45, 0.38]
Event Rate: [0.84, 0.46, 0.29, 0.06, 0.14, 0.12, 0.12, 0.16, 0.35, 0.34, 0.27, 0.24, 0.27, 0.25, 0.27, 0.69, 0.69, 0.39, 0.29, 0.46, 0.41]
Event Rate: [0.86, 0.49, 0.30, 0.06, 0.15, 0.12, 0.12, 0.16, 0.35, 0.34, 0.27, 0.24, 0.27, 0.26, 0.27, 0.71, 0.71, 0.39, 0.29, 0.45, 0.43]
Event Rate: [0.85, 0.47, 0.29, 0.06, 0.15, 0.12, 0.12, 0.16, 0.36, 0.35, 0.27, 0.24, 0.27, 0.26, 0.27, 0.70, 0.70, 0.38, 0.27, 0.46, 0.45]
Event Rate: [0.85, 0.47, 0.30, 0.06, 0.15, 0.12, 0.13, 0.17, 0.36, 0.35, 0.28, 0.25, 0.28, 0.26, 0.28, 0.70, 0.70, 0.38, 0.27, 0.46, 0.46]
Event Rate: [0.85, 0.47, 0.29, 0.06, 0.15, 0.12, 0.13, 0.17, 0.36, 0.35, 0.27, 0.24, 0.27, 0.25, 0.27, 0.70, 0.70, 0.37, 0.28, 0.46, 0.44]
Event Rate: [0.85, 0.47, 0.30, 0.05, 0.13, 0.11, 0.11, 0.14, 0.33, 0.32, 0.24, 0.21, 0.24, 0.22, 0.24, 0.68, 0.68, 0.37, 0.27, 0.46, 0.46]
Event Rate: [0.86, 0.49, 0.31, 0.06, 0.15, 0.13, 0.13, 0.17, 0.37, 0.35, 0.28, 0.24, 0.27, 0.26, 0.27, 0.71, 0.71, 0.38, 0.28, 0.48, 0.46]
