Event Rate: [0.89, 0.12, 0.47, 0.72, 0.85, 0.54, 1.00, 1.00, 0.06, 0.02, 0.00, 0.00, 0.00, 0.00, 0.00, 0.01, 0.09, 0.77, 0.00, 0.00, 0.05]
Event Rate: [0.89, 0.12, 0.49, 0.75, 0.87, 0.56, 1.00, 1.00, 0.06, 0.02, 0.00, 0.00, 0.00, 0.00, 0.00, 0.02, 0.09, 0.77, 0.00, 0.00, 0.04]
Event Rate: [0.89, 0.12, 0.48, 0.74, 0.86, 0.55, 1.00, 1.00, 0.06, 0.02, 0.00, 0.00, 0.00, 0.00, 0.00, 0.02, 0.09, 0.76, 0.00, 0.00, 0.04]
Event Rate: [0.88, 0.12, 0.49, 0.75, 0.87, 0.56, 1.00, 1.00, 0.06, 0.02, 0.00, 0.00, 0.00, 0.00, 0.00, 0.02, 0.09, 0.82, 0.00, 0.01, 0.08]
Event Rate: [0.89, 0.12, 0.48, 0.73, 0.85, 0.55, 1.00, 1.00, 0.06, 0.03, 0.00, 0.00, 0.00, 0.00, 0.00, 0.02, 0.09, 0.81, 0.00, 0.01, 0.10]
Event Rate: [0.89, 0.13, 0.50, 0.75, 0.87, 0.56, 1.00, 1.00, 0.07, 0.03, 0.00, 0.00, 0.00, 0.00, 0.00, 0.03, 0.10, 0.87, 0.00, 0.02, 0.11]
Event Rate: [0.85, 0.13, 0.48, 0.73, 0.86, 0.55, 1.00, 1.00, 0.08, 0.03, 0.00, 0.00, 0.00, 0.00, 0.00, 0.03, 0.10, 0.89, 0.00, 0.04, 0.17]
Event Rate: [0.85, 0.14, 0.50, 0.74, 0.86, 0.56, 1.00, 1.00, 0.09, 0.04, 0.00, 0.00, 0.00, 0.00, 0.00, 0.04, 0.11, 0.92, 0.00, 0.09, 0.26]
Event Rate: [0.85, 0.14, 0.50, 0.75, 0.86, 0.56, 1.00, 1.00, 0.10, 0.05, 0.00, 0.00, 0.00, 0.00, 0.00, 0.05, 0.11, 0.93, 0.00, 0.14, 0.29]
Event Rate: [0.85, 0.14, 0.49, 0.74, 0.86, 0.56, 1.00, 1.00, 0.12, 0.06, 0.00, 0.00, 0.00, 0.00, 0.00, 0.06, 0.11, 0.94, 0.01, 0.19, 0.34]
Event Rate: [0.87, 0.14, 0.50, 0.74, 0.86, 0.56, 1.00, 1.00, 0.14, 0.07, 0.00, 0.00, 0.00, 0.00, 0.00, 0.07, 0.12, 0.96, 0.01, 0.24, 0.45]
Event Rate: [0.85, 0.15, 0.51, 0.75, 0.86, 0.57, 1.00, 1.00, 0.16, 0.08, 0.00, 0.00, 0.00, 0.00, 0.00, 0.08, 0.13, 0.96, 0.02, 0.32, 0.59]
Event Rate: [0.86, 0.15, 0.50, 0.74, 0.86, 0.56, 1.00, 1.00, 0.17, 0.09, 0.00, 0.00, 0.00, 0.00, 0.00, 0.09, 0.13, 0.97, 0.03, 0.50, 0.87]
Event Rate: [0.86, 0.15, 0.50, 0.74, 0.86, 0.56, 1.00, 1.00, 0.19, 0.10, 0.00, 0.00, 0.00, 0.00, 0.00, 0.11, 0.14, 0.97, 0.04, 0.63, 0.96]
Event Rate: [0.85, 0.16, 0.52, 0.75, 0.86, 0.57, 1.00, 1.00, 0.21, 0.12, 0.00, 0.00, 0.00, 0.00, 0.00, 0.13, 0.15, 0.97, 0.06, 0.75, 1.00]
Event Rate: [0.85, 0.16, 0.50, 0.73, 0.85, 0.56, 1.00, 1.00, 0.23, 0.13, 0.00, 0.00, 0.00, 0.00, 0.00, 0.14, 0.16, 0.97, 0.08, 0.79, 1.00]
Event Rate: [0.85, 0.18, 0.52, 0.75, 0.86, 0.58, 1.00, 1.00, 0.26, 0.16, 0.00, 0.00, 0.00, 0.00, 0.00, 0.16, 0.17, 0.98, 0.10, 0.86, 1.00]
Event Rate: [0.86, 0.18, 0.52, 0.75, 0.86, 0.58, 1.00, 1.00, 0.27, 0.18, 0.00, 0.00, 0.00, 0.00, 0.00, 0.19, 0.18, 0.98, 0.13, 0.89, 1.00]
Event Rate: [0.86, 0.19, 0.54, 0.76, 0.86, 0.58, 1.00, 1.00, 0.29, 0.20, 0.00, 0.00, 0.00, 0.00, 0.00, 0.21, 0.19, 0.98, 0.15, 0.90, 1.00]
Event Rate: [0.85, 0.20, 0.53, 0.75, 0.85, 0.58, 1.00, 1.00, 0.31, 0.22, 0.00, 0.00, 0.00, 0.00, 0.00, 0.23, 0.21, 0.98, 0.19, 0.91, 1.00]
Event Rate: [0.86, 0.21, 0.55, 0.76, 0.86, 0.60, 1.00, 1.00, 0.34, 0.25, 0.00, 0.00, 0.00, 0.00, 0.00, 0.26, 0.23, 0.99, 0.23, 0.92, 1.00]
Event Rate: [0.85, 0.20, 0.52, 0.73, 0.84, 0.57, 1.00, 1.00, 0.34, 0.26, 0.00, 0.00, 0.00, 0.00, 0.00, 0.27, 0.22, 0.98, 0.24, 0.91, 1.00]
Event Rate: [0.86, 0.21, 0.54, 0.74, 0.84, 0.58, 1.00, 1.00, 0.35, 0.27, 0.00, 0.00, 0.00, 0.00, 0.00, 0.28, 0.24, 0.99, 0.25, 0.90, 1.00]
Event Rate: [0.86, 0.22, 0.55, 0.75, 0.85, 0.59, 1.00, 1.00, 0.35, 0.28, 0.00, 0.00, 0.00, 0.00, 0.00, 0.28, 0.24, 0.98, 0.26, 0.91, 1.00]
Event Rate: [0.85, 0.22, 0.53, 0.74, 0.84, 0.58, 1.00, 1.00, 0.34, 0.27, 0.00, 0.00, 0.00, 0.00, 0.00, 0.27, 0.23, 0.98, 0.24, 0.89, 1.00]
Event Rate: [0.85, 0.21, 0.52, 0.73, 0.84, 0.58, 1.00, 1.00, 0.33, 0.27, 0.00, 0.00, 0.00, 0.00, 0.00, 0.26, 0.23, 0.98, 0.23, 0.88, 1.00]
Event Rate: [0.86, 0.22, 0.53, 0.73, 0.84, 0.58, 1.00, 1.00, 0.33, 0.27, 0.00, 0.00, 0.00, 0.00, 0.00, 0.26, 0.23, 0.98, 0.23, 0.87, 1.00]
Event Rate: [0.85, 0.22, 0.52, 0.73, 0.83, 0.58, 1.00, 1.00, 0.33, 0.27, 0.00, 0.00, 0.00, 0.00, 0.00, 0.25, 0.23, 0.97, 0.22, 0.85, 1.00]
Event Rate: [0.86, 0.23, 0.54, 0.74, 0.84, 0.59, 1.00, 1.00, 0.34, 0.28, 0.02, 0.01, 0.00, 0.10, 0.12, 0.26, 0.24, 0.97, 0.23, 0.85, 1.00]
Event Rate: [0.85, 0.22, 0.54, 0.74, 0.84, 0.59, 1.00, 1.00, 0.33, 0.28, 0.06, 0.03, 0.01, 0.63, 1.00, 0.26, 0.24, 0.97, 0.22, 0.84, 1.00]
Event Rate: [0.85, 0.22, 0.52, 0.73, 0.83, 0.57, 1.00, 1.00, 0.33, 0.28, 0.10, 0.06, 0.03, 0.80, 1.00, 0.26, 0.23, 0.97, 0.22, 0.82, 1.00]
Event Rate: [0.85, 0.23, 0.53, 0.73, 0.83, 0.58, 1.00, 1.00, 0.33, 0.29, 0.15, 0.11, 0.07, 0.83, 1.00, 0.27, 0.24, 0.98, 0.23, 0.83, 1.00]
Event Rate: [0.89, 0.23, 0.54, 0.74, 0.84, 0.59, 1.00, 1.00, 0.34, 0.31, 0.19, 0.16, 0.11, 0.84, 1.00, 0.27, 0.25, 0.98, 0.23, 0.83, 1.00]
Event Rate: [0.89, 0.23, 0.54, 0.73, 0.84, 0.58, 1.00, 1.00, 0.34, 0.32, 0.22, 0.19, 0.15, 0.86, 1.00, 0.27, 0.24, 0.98, 0.22, 0.83, 1.00]
Event Rate: [0.89, 0.23, 0.53, 0.73, 0.83, 0.58, 1.00, 1.00, 0.33, 0.32, 0.24, 0.21, 0.18, 0.86, 1.00, 0.27, 0.24, 0.98, 0.22, 0.82, 1.00]
Event Rate: [0.88, 0.22, 0.53, 0.74, 0.84, 0.58, 1.00, 1.00, 0.33, 0.31, 0.25, 0.22, 0.18, 0.87, 1.00, 0.26, 0.24, 0.98, 0.21, 0.83, 1.00]
Event Rate: [0.88, 0.22, 0.52, 0.72, 0.83, 0.57, 1.00, 1.00, 0.32, 0.30, 0.24, 0.20, 0.17, 0.84, 1.00, 0.25, 0.23, 0.97, 0.21, 0.80, 1.00]
Event Rate: [0.89, 0.22, 0.53, 0.73, 0.84, 0.58, 1.00, 1.00, 0.31, 0.29, 0.23, 0.20, 0.17, 0.85, 1.00, 0.25, 0.23, 0.98, 0.21, 0.79, 1.00]
Event Rate: [0.89, 0.22, 0.52, 0.72, 0.83, 0.57, 1.00, 1.00, 0.31, 0.29, 0.23, 0.20, 0.17, 0.84, 1.00, 0.25, 0.23, 0.97, 0.20, 0.77, 1.00]
Event Rate: [0.88, 0.22, 0.52, 0.72, 0.83, 0.57, 1.00, 1.00, 0.30, 0.29, 0.22, 0.19, 0.16, 0.85, 1.00, 0.24, 0.23, 0.98, 0.20, 0.77, 1.00]
Event Rate: [0.89, 0.22, 0.52, 0.73, 0.83, 0.58, 1.00, 1.00, 0.31, 0.29, 0.23, 0.19, 0.17, 0.86, 1.00, 0.24, 0.23, 0.98, 0.20, 0.78, 1.00]
Event Rate: [0.88, 0.22, 0.52, 0.72, 0.82, 0.57, 1.00, 1.00, 0.30, 0.29, 0.23, 0.20, 0.18, 0.83, 1.00, 0.25, 0.23, 0.98, 0.21, 0.75, 1.00]
Event Rate: [0.88, 0.22, 0.51, 0.71, 0.82, 0.57, 1.00, 1.00, 0.30, 0.29, 0.23, 0.20, 0.18, 0.83, 1.00, 0.24, 0.22, 0.98, 0.20, 0.72, 1.00]
Event Rate: [0.88, 0.22, 0.52, 0.72, 0.82, 0.57, 1.00, 1.00, 0.30, 0.29, 0.23, 0.20, 0.18, 0.82, 1.00, 0.24, 0.23, 0.98, 0.20, 0.72, 1.00]
Event Rate: [0.88, 0.21, 0.51, 0.71, 0.82, 0.56, 1.00, 1.00, 0.30, 0.29, 0.22, 0.19, 0.17, 0.84, 1.00, 0.24, 0.22, 0.98, 0.19, 0.73, 1.00]
Event Rate: [0.88, 0.21, 0.52, 0.72, 0.83, 0.57, 1.00, 1.00, 0.30, 0.29, 0.22, 0.19, 0.18, 0.83, 1.00, 0.24, 0.22, 0.98, 0.19, 0.72, 1.00]
Event Rate: [0.89, 0.22, 0.52, 0.72, 0.82, 0.57, 1.00, 1.00, 0.31, 0.30, 0.23, 0.20, 0.19, 0.84, 1.00, 0.25, 0.23, 0.99, 0.20, 0.73, 1.00]
Event Rate: [0.89, 0.22, 0.51, 0.71, 0.82, 0.56, 1.00, 1.00, 0.31, 0.30, 0.24, 0.21, 0.19, 0.85, 1.00, 0.25, 0.23, 0.98, 0.21, 0.73, 1.00]
Event Rate: [0.88, 0.22, 0.52, 0.72, 0.82, 0.57, 1.00, 1.00, 0.31, 0.30, 0.23, 0.20, 0.19, 0.86, 1.00, 0.25, 0.23, 0.99, 0.20, 0.75, 1.00]
Event Rate: [0.88, 0.21, 0.50, 0.71, 0.82, 0.56, 1.00, 1.00, 0.31, 0.30, 0.23, 0.19, 0.18, 0.85, 1.00, 0.25, 0.22, 0.98, 0.20, 0.74, 1.00]
Event Rate: [0.89, 0.22, 0.52, 0.72, 0.82, 0.57, 1.00, 1.00, 0.32, 0.31, 0.23, 0.19, 0.18, 0.88, 1.00, 0.26, 0.23, 0.99, 0.21, 0.76, 1.00]
Event Rate: [0.88, 0.22, 0.51, 0.71, 0.82, 0.57, 1.00, 1.00, 0.32, 0.32, 0.24, 0.21, 0.19, 0.92, 1.00, 0.26, 0.23, 0.99, 0.21, 0.80, 1.00]
Event Rate: [0.89, 0.21, 0.51, 0.71, 0.82, 0.56, 1.00, 1.00, 0.32, 0.31, 0.23, 0.20, 0.19, 0.91, 1.00, 0.25, 0.23, 0.99, 0.20, 0.79, 1.00]
Event Rate: [0.89, 0.22, 0.52, 0.71, 0.82, 0.57, 1.00, 1.00, 0.32, 0.31, 0.25, 0.21, 0.20, 0.90, 1.00, 0.26, 0.23, 0.99, 0.20, 0.79, 1.00]
Event Rate: [0.88, 0.22, 0.51, 0.71, 0.82, 0.57, 1.00, 1.00, 0.32, 0.31, 0.24, 0.21, 0.20, 0.92, 1.00, 0.26, 0.23, 0.99, 0.20, 0.81, 1.00]
Event Rate: [0.88, 0.22, 0.51, 0.71, 0.82, 0.57, 1.00, 1.00, 0.32, 0.31, 0.24, 0.21, 0.19, 0.91, 1.00, 0.26, 0.23, 0.99, 0.20, 0.80, 1.00]
Event Rate: [0.88, 0.22, 0.52, 0.72, 0.82, 0.57, 1.00, 1.00, 0.33, 0.32, 0.25, 0.21, 0.20, 0.94, 1.00, 0.27, 0.24, 0.99, 0.21, 0.84, 1.00]
Event Rate: [0.88, 0.22, 0.51, 0.71, 0.82, 0.56, 1.00, 1.00, 0.33, 0.32, 0.25, 0.21, 0.20, 0.94, 1.00, 0.27, 0.23, 0.99, 0.20, 0.84, 1.00]
Event Rate: [0.87, 0.22, 0.51, 0.71, 0.82, 0.56, 1.00, 1.00, 0.33, 0.32, 0.25, 0.22, 0.21, 0.94, 1.00, 0.27, 0.23, 0.99, 0.20, 0.85, 1.00]
Event Rate: [0.88, 0.21, 0.50, 0.70, 0.81, 0.56, 1.00, 1.00, 0.33, 0.31, 0.25, 0.22, 0.20, 0.96, 1.00, 0.26, 0.23, 0.99, 0.20, 0.87, 1.00]
Event Rate: [0.87, 0.21, 0.51, 0.71, 0.82, 0.56, 1.00, 1.00, 0.33, 0.32, 0.25, 0.22, 0.20, 0.96, 1.00, 0.27, 0.23, 0.99, 0.20, 0.87, 1.00]
Event Rate: [0.89, 0.22, 0.51, 0.72, 0.82, 0.57, 1.00, 1.00, 0.34, 0.34, 0.27, 0.23, 0.22, 0.96, 1.00, 0.28, 0.24, 0.99, 0.21, 0.88, 1.00]
Event Rate: [0.88, 0.22, 0.51, 0.71, 0.82, 0.56, 1.00, 1.00, 0.34, 0.33, 0.27, 0.23, 0.22, 0.96, 1.00, 0.28, 0.24, 0.99, 0.21, 0.87, 1.00]
Event Rate: [0.89, 0.21, 0.51, 0.71, 0.82, 0.56, 1.00, 1.00, 0.34, 0.34, 0.27, 0.23, 0.22, 0.98, 1.00, 0.28, 0.24, 0.99, 0.20, 0.90, 1.00]
Event Rate: [0.88, 0.21, 0.51, 0.71, 0.82, 0.56, 1.00, 1.00, 0.34, 0.34, 0.28, 0.24, 0.22, 0.98, 1.00, 0.28, 0.24, 0.99, 0.20, 0.91, 1.00]
Event Rate: [0.90, 0.21, 0.51, 0.72, 0.83, 0.57, 1.00, 1.00, 0.34, 0.33, 0.27, 0.23, 0.21, 0.98, 1.00, 0.28, 0.24, 0.99, 0.21, 0.92, 1.00]
Event Rate: [0.89, 0.21, 0.51, 0.72, 0.82, 0.57, 1.00, 1.00, 0.34, 0.34, 0.27, 0.23, 0.21, 0.98, 1.00, 0.28, 0.24, 0.99, 0.20, 0.92, 1.00]
Event Rate: [0.89, 0.22, 0.51, 0.71, 0.81, 0.56, 1.00, 1.00, 0.34, 0.35, 0.28, 0.24, 0.22, 0.98, 1.00, 0.29, 0.24, 0.99, 0.21, 0.92, 1.00]
Event Rate: [0.89, 0.22, 0.51, 0.71, 0.82, 0.57, 1.00, 1.00, 0.35, 0.35, 0.29, 0.25, 0.24, 0.98, 1.00, 0.29, 0.24, 0.99, 0.22, 0.93, 1.00]
Event Rate: [0.89, 0.22, 0.53, 0.73, 0.83, 0.58, 1.00, 1.00, 0.35, 0.35, 0.29, 0.25, 0.24, 0.99, 1.00, 0.29, 0.24, 1.00, 0.21, 0.96, 1.00]
Event Rate: [0.89, 0.22, 0.52, 0.72, 0.83, 0.57, 1.00, 1.00, 0.35, 0.36, 0.30, 0.26, 0.24, 0.99, 1.00, 0.29, 0.24, 1.00, 0.21, 0.95, 1.00]
Event Rate: [0.90, 0.22, 0.52, 0.72, 0.83, 0.57, 1.00, 1.00, 0.35, 0.36, 0.30, 0.26, 0.24, 0.99, 1.00, 0.30, 0.25, 1.00, 0.22, 0.95, 1.00]
Event Rate: [0.88, 0.21, 0.51, 0.71, 0.82, 0.56, 1.00, 1.00, 0.35, 0.36, 0.29, 0.25, 0.23, 0.99, 1.00, 0.29, 0.24, 1.00, 0.21, 0.96, 1.00]
Event Rate: [0.89, 0.22, 0.52, 0.72, 0.83, 0.57, 1.00, 1.00, 0.35, 0.36, 0.29, 0.25, 0.23, 0.99, 1.00, 0.30, 0.24, 1.00, 0.22, 0.96, 1.00]
Event Rate: [0.88, 0.21, 0.51, 0.71, 0.82, 0.56, 1.00, 1.00, 0.35, 0.35, 0.29, 0.25, 0.23, 0.99, 1.00, 0.30, 0.24, 1.00, 0.22, 0.97, 1.00]
Event Rate: [0.88, 0.21, 0.52, 0.72, 0.83, 0.57, 1.00, 1.00, 0.35, 0.36, 0.30, 0.26, 0.24, 0.99, 1.00, 0.30, 0.24, 1.00, 0.22, 0.96, 1.00]
Event Rate: [0.89, 0.22, 0.52, 0.72, 0.83, 0.57, 1.00, 1.00, 0.35, 0.36, 0.29, 0.25, 0.24, 0.99, 1.00, 0.30, 0.25, 1.00, 0.23, 0.96, 1.00]
Event Rate: [0.89, 0.22, 0.53, 0.73, 0.84, 0.58, 1.00, 1.00, 0.36, 0.36, 0.29, 0.24, 0.23, 0.99, 1.00, 0.30, 0.24, 1.00, 0.22, 0.96, 1.00]
Event Rate: [0.90, 0.22, 0.52, 0.72, 0.83, 0.57, 1.00, 1.00, 0.36, 0.36, 0.29, 0.25, 0.23, 0.99, 1.00, 0.30, 0.25, 1.00, 0.23, 0.97, 1.00]
Event Rate: [0.88, 0.21, 0.51, 0.71, 0.82, 0.56, 1.00, 1.00, 0.35, 0.36, 0.29, 0.25, 0.23, 0.99, 1.00, 0.30, 0.24, 1.00, 0.22, 0.97, 1.00]
Event Rate: [0.88, 0.22, 0.53, 0.73, 0.83, 0.58, 1.00, 1.00, 0.35, 0.36, 0.29, 0.25, 0.23, 0.99, 1.00, 0.30, 0.25, 1.00, 0.22, 0.96, 1.00]
Event Rate: [0.89, 0.22, 0.50, 0.70, 0.81, 0.56, 1.00, 1.00, 0.35, 0.36, 0.30, 0.26, 0.24, 0.99, 1.00, 0.31, 0.25, 1.00, 0.24, 0.97, 1.00]
Event Rate: [0.89, 0.21, 0.51, 0.71, 0.82, 0.56, 1.00, 1.00, 0.35, 0.36, 0.30, 0.25, 0.24, 0.99, 1.00, 0.30, 0.24, 1.00, 0.23, 0.97, 1.00]
Event Rate: [0.89, 0.22, 0.52, 0.72, 0.82, 0.57, 1.00, 1.00, 0.36, 0.37, 0.31, 0.27, 0.25, 0.99, 1.00, 0.31, 0.25, 1.00, 0.24, 0.96, 1.00]
Event Rate: [0.88, 0.21, 0.52, 0.72, 0.82, 0.57, 1.00, 1.00, 0.35, 0.36, 0.30, 0.26, 0.25, 0.99, 1.00, 0.30, 0.24, 1.00, 0.23, 0.97, 1.00]
Event Rate: [0.88, 0.22, 0.52, 0.72, 0.83, 0.57, 1.00, 1.00, 0.35, 0.37, 0.31, 0.27, 0.25, 0.99, 1.00, 0.31, 0.25, 0.99, 0.23, 0.96, 1.00]
Event Rate: [0.89, 0.22, 0.53, 0.73, 0.84, 0.58, 1.00, 1.00, 0.35, 0.36, 0.30, 0.26, 0.24, 0.99, 1.00, 0.30, 0.25, 1.00, 0.23, 0.97, 1.00]
Event Rate: [0.89, 0.22, 0.52, 0.72, 0.82, 0.57, 1.00, 1.00, 0.35, 0.37, 0.30, 0.26, 0.24, 0.99, 1.00, 0.31, 0.25, 1.00, 0.24, 0.96, 1.00]
Event Rate: [0.89, 0.21, 0.52, 0.72, 0.83, 0.57, 1.00, 1.00, 0.36, 0.36, 0.30, 0.25, 0.24, 0.99, 1.00, 0.31, 0.25, 1.00, 0.24, 0.96, 1.00]
Event Rate: [0.89, 0.22, 0.52, 0.72, 0.82, 0.57, 1.00, 1.00, 0.35, 0.37, 0.31, 0.26, 0.25, 0.99, 1.00, 0.31, 0.25, 1.00, 0.24, 0.97, 1.00]
Event Rate: [0.89, 0.22, 0.52, 0.72, 0.83, 0.57, 1.00, 1.00, 0.36, 0.38, 0.32, 0.27, 0.26, 1.00, 1.00, 0.32, 0.25, 1.00, 0.24, 0.98, 1.00]
Event Rate: [0.89, 0.22, 0.52, 0.72, 0.83, 0.57, 1.00, 1.00, 0.36, 0.38, 0.31, 0.27, 0.26, 1.00, 1.00, 0.31, 0.25, 1.00, 0.24, 0.98, 1.00]
Event Rate: [0.89, 0.23, 0.52, 0.71, 0.82, 0.57, 1.00, 1.00, 0.36, 0.38, 0.32, 0.27, 0.26, 0.99, 1.00, 0.32, 0.26, 1.00, 0.25, 0.97, 1.00]
Event Rate: [0.89, 0.22, 0.52, 0.72, 0.83, 0.57, 1.00, 1.00, 0.36, 0.37, 0.30, 0.26, 0.25, 0.99, 1.00, 0.31, 0.25, 1.00, 0.24, 0.97, 1.00]
Event Rate: [0.88, 0.22, 0.53, 0.73, 0.83, 0.58, 1.00, 1.00, 0.36, 0.37, 0.30, 0.26, 0.25, 0.99, 1.00, 0.31, 0.25, 1.00, 0.24, 0.98, 1.00]
Event Rate: [0.88, 0.21, 0.50, 0.70, 0.81, 0.56, 1.00, 1.00, 0.35, 0.35, 0.29, 0.24, 0.24, 0.99, 1.00, 0.30, 0.24, 1.00, 0.24, 0.97, 1.00]
Event Rate: [0.88, 0.21, 0.50, 0.71, 0.82, 0.56, 1.00, 1.00, 0.35, 0.36, 0.29, 0.24, 0.23, 0.99, 1.00, 0.31, 0.24, 1.00, 0.24, 0.97, 1.00]
Event Rate: [0.88, 0.21, 0.52, 0.72, 0.83, 0.57, 1.00, 1.00, 0.35, 0.36, 0.29, 0.24, 0.23, 1.00, 1.00, 0.31, 0.24, 1.00, 0.23, 0.98, 1.00]
Event Rate: [0.88, 0.22, 0.52, 0.72, 0.82, 0.57, 1.00, 1.00, 0.35, 0.36, 0.29, 0.25, 0.24, 0.99, 1.00, 0.31, 0.25, 1.00, 0.24, 0.98, 1.00]
Event Rate: [0.89, 0.22, 0.53, 0.73, 0.83, 0.58, 1.00, 1.00, 0.35, 0.36, 0.30, 0.26, 0.25, 1.00, 1.00, 0.31, 0.25, 1.00, 0.24, 0.98, 1.00]
Event Rate: [0.89, 0.22, 0.52, 0.72, 0.83, 0.57, 1.00, 1.00, 0.35, 0.36, 0.31, 0.26, 0.25, 1.00, 1.00, 0.32, 0.26, 1.00, 0.25, 0.98, 1.00]
Event Rate: [0.88, 0.22, 0.52, 0.72, 0.82, 0.57, 1.00, 1.00, 0.36, 0.37, 0.31, 0.26, 0.25, 0.99, 1.00, 0.31, 0.25, 1.00, 0.25, 0.98, 1.00]
Event Rate: [0.88, 0.22, 0.52, 0.72, 0.83, 0.57, 1.00, 1.00, 0.36, 0.36, 0.30, 0.25, 0.24, 1.00, 1.00, 0.32, 0.25, 1.00, 0.25, 0.98, 1.00]
Event Rate: [0.88, 0.23, 0.53, 0.72, 0.83, 0.58, 1.00, 1.00, 0.36, 0.37, 0.30, 0.25, 0.24, 0.99, 1.00, 0.32, 0.26, 1.00, 0.25, 0.98, 1.00]
Event Rate: [0.89, 0.23, 0.53, 0.73, 0.83, 0.58, 1.00, 1.00, 0.36, 0.37, 0.31, 0.26, 0.25, 1.00, 1.00, 0.32, 0.26, 1.00, 0.26, 0.98, 1.00]
Event Rate: [0.88, 0.22, 0.52, 0.71, 0.82, 0.57, 1.00, 1.00, 0.36, 0.37, 0.31, 0.26, 0.26, 1.00, 1.00, 0.32, 0.25, 1.00, 0.25, 0.98, 1.00]
Event Rate: [0.89, 0.23, 0.53, 0.73, 0.83, 0.58, 1.00, 1.00, 0.36, 0.37, 0.31, 0.26, 0.26, 0.99, 1.00, 0.32, 0.26, 1.00, 0.26, 0.97, 1.00]
Event Rate: [0.88, 0.21, 0.52, 0.72, 0.83, 0.57, 1.00, 1.00, 0.35, 0.36, 0.30, 0.25, 0.24, 0.99, 1.00, 0.31, 0.25, 1.00, 0.24, 0.98, 1.00]
Event Rate: [0.88, 0.21, 0.51, 0.71, 0.82, 0.57, 1.00, 1.00, 0.35, 0.35, 0.29, 0.25, 0.24, 0.99, 1.00, 0.31, 0.25, 1.00, 0.24, 0.98, 1.00]
Event Rate: [0.89, 0.22, 0.53, 0.73, 0.83, 0.58, 1.00, 1.00, 0.36, 0.36, 0.30, 0.25, 0.25, 0.99, 1.00, 0.31, 0.25, 1.00, 0.25, 0.98, 1.00]
Event Rate: [0.89, 0.23, 0.53, 0.72, 0.83, 0.58, 1.00, 1.00, 0.36, 0.37, 0.31, 0.26, 0.26, 1.00, 1.00, 0.32, 0.26, 1.00, 0.25, 0.98, 1.00]
Event Rate: [0.89, 0.22, 0.53, 0.73, 0.84, 0.58, 1.00, 1.00, 0.37, 0.37, 0.31, 0.26, 0.25, 1.00, 1.00, 0.32, 0.25, 1.00, 0.25, 0.98, 1.00]
Event Rate: [0.87, 0.21, 0.50, 0.70, 0.81, 0.55, 1.00, 1.00, 0.36, 0.36, 0.31, 0.26, 0.25, 0.99, 1.00, 0.31, 0.24, 1.00, 0.25, 0.98, 1.00]
Event Rate: [0.88, 0.22, 0.51, 0.71, 0.82, 0.57, 1.00, 1.00, 0.36, 0.37, 0.31, 0.26, 0.26, 1.00, 1.00, 0.32, 0.25, 1.00, 0.25, 0.98, 1.00]
Event Rate: [0.89, 0.23, 0.54, 0.73, 0.83, 0.58, 1.00, 1.00, 0.37, 0.37, 0.31, 0.26, 0.26, 0.99, 1.00, 0.32, 0.26, 1.00, 0.26, 0.98, 1.00]
Event Rate: [0.89, 0.23, 0.53, 0.73, 0.83, 0.58, 1.00, 1.00, 0.36, 0.37, 0.32, 0.27, 0.26, 1.00, 1.00, 0.32, 0.26, 1.00, 0.26, 0.98, 1.00]
Event Rate: [0.89, 0.23, 0.53, 0.72, 0.83, 0.58, 1.00, 1.00, 0.36, 0.37, 0.32, 0.27, 0.26, 0.99, 1.00, 0.32, 0.26, 1.00, 0.26, 0.97, 1.00]
Event Rate: [0.87, 0.22, 0.52, 0.72, 0.82, 0.57, 1.00, 1.00, 0.36, 0.36, 0.31, 0.26, 0.25, 1.00, 1.00, 0.32, 0.26, 1.00, 0.26, 0.98, 1.00]
Event Rate: [0.89, 0.23, 0.53, 0.73, 0.83, 0.58, 1.00, 1.00, 0.36, 0.37, 0.30, 0.25, 0.25, 1.00, 1.00, 0.32, 0.26, 1.00, 0.26, 0.99, 1.00]
Event Rate: [0.89, 0.22, 0.53, 0.72, 0.83, 0.58, 1.00, 1.00, 0.37, 0.37, 0.31, 0.26, 0.25, 1.00, 1.00, 0.33, 0.26, 1.00, 0.26, 0.99, 1.00]
Event Rate: [0.89, 0.23, 0.54, 0.73, 0.83, 0.58, 1.00, 1.00, 0.37, 0.37, 0.30, 0.25, 0.25, 1.00, 1.00, 0.33, 0.26, 1.00, 0.26, 0.99, 1.00]
Event Rate: [0.89, 0.23, 0.53, 0.73, 0.84, 0.58, 1.00, 1.00, 0.37, 0.37, 0.30, 0.25, 0.24, 1.00, 1.00, 0.33, 0.26, 1.00, 0.26, 0.98, 1.00]
Event Rate: [0.88, 0.22, 0.53, 0.72, 0.83, 0.58, 1.00, 1.00, 0.37, 0.37, 0.31, 0.26, 0.25, 1.00, 1.00, 0.33, 0.26, 1.00, 0.26, 0.98, 1.00]
Event Rate: [0.89, 0.22, 0.52, 0.73, 0.83, 0.58, 1.00, 1.00, 0.37, 0.37, 0.31, 0.26, 0.25, 1.00, 1.00, 0.33, 0.26, 1.00, 0.26, 0.99, 1.00]
Event Rate: [0.89, 0.22, 0.53, 0.73, 0.83, 0.58, 1.00, 1.00, 0.37, 0.38, 0.31, 0.26, 0.25, 1.00, 1.00, 0.33, 0.26, 1.00, 0.26, 0.99, 1.00]
Event Rate: [0.89, 0.22, 0.53, 0.73, 0.84, 0.58, 1.00, 1.00, 0.37, 0.37, 0.30, 0.25, 0.24, 1.00, 1.00, 0.32, 0.26, 1.00, 0.25, 0.99, 1.00]
Event Rate: [0.89, 0.22, 0.53, 0.73, 0.83, 0.58, 1.00, 1.00, 0.36, 0.37, 0.30, 0.25, 0.24, 1.00, 1.00, 0.32, 0.26, 1.00, 0.25, 0.99, 1.00]
Event Rate: [0.89, 0.22, 0.54, 0.74, 0.84, 0.58, 1.00, 1.00, 0.36, 0.37, 0.30, 0.25, 0.25, 1.00, 1.00, 0.32, 0.25, 1.00, 0.25, 0.99, 1.00]
Event Rate: [0.87, 0.22, 0.52, 0.72, 0.82, 0.57, 1.00, 1.00, 0.36, 0.36, 0.30, 0.25, 0.24, 1.00, 1.00, 0.32, 0.25, 1.00, 0.25, 0.98, 1.00]
Event Rate: [0.89, 0.23, 0.54, 0.74, 0.84, 0.59, 1.00, 1.00, 0.36, 0.37, 0.30, 0.25, 0.24, 1.00, 1.00, 0.32, 0.26, 1.00, 0.25, 0.98, 1.00]
Event Rate: [0.87, 0.23, 0.53, 0.73, 0.83, 0.58, 1.00, 1.00, 0.36, 0.37, 0.30, 0.26, 0.25, 1.00, 1.00, 0.32, 0.26, 1.00, 0.25, 0.98, 1.00]
Event Rate: [0.89, 0.23, 0.53, 0.73, 0.83, 0.58, 1.00, 1.00, 0.36, 0.37, 0.30, 0.26, 0.25, 1.00, 1.00, 0.32, 0.26, 1.00, 0.25, 0.98, 1.00]
Event Rate: [0.88, 0.23, 0.53, 0.73, 0.83, 0.58, 1.00, 1.00, 0.36, 0.37, 0.31, 0.26, 0.25, 1.00, 1.00, 0.32, 0.26, 1.00, 0.25, 0.98, 1.00]
Event Rate: [0.88, 0.22, 0.52, 0.72, 0.83, 0.57, 1.00, 1.00, 0.36, 0.36, 0.30, 0.25, 0.25, 0.99, 1.00, 0.31, 0.25, 1.00, 0.25, 0.98, 1.00]
Event Rate: [0.88, 0.23, 0.54, 0.73, 0.83, 0.58, 1.00, 1.00, 0.36, 0.37, 0.30, 0.26, 0.25, 1.00, 1.00, 0.32, 0.26, 1.00, 0.26, 0.98, 1.00]
Event Rate: [0.88, 0.22, 0.52, 0.72, 0.82, 0.57, 1.00, 1.00, 0.35, 0.36, 0.30, 0.25, 0.25, 0.99, 1.00, 0.31, 0.25, 1.00, 0.25, 0.98, 1.00]
Event Rate: [0.89, 0.22, 0.53, 0.72, 0.83, 0.58, 1.00, 1.00, 0.36, 0.36, 0.30, 0.25, 0.24, 0.99, 1.00, 0.31, 0.25, 1.00, 0.25, 0.98, 1.00]
Event Rate: [0.88, 0.23, 0.53, 0.73, 0.83, 0.58, 1.00, 1.00, 0.36, 0.37, 0.30, 0.25, 0.25, 0.99, 1.00, 0.32, 0.26, 1.00, 0.26, 0.98, 1.00]
Event Rate: [0.88, 0.22, 0.52, 0.72, 0.82, 0.57, 1.00, 1.00, 0.36, 0.37, 0.30, 0.25, 0.25, 0.99, 1.00, 0.32, 0.26, 1.00, 0.26, 0.98, 1.00]
Event Rate: [0.89, 0.22, 0.54, 0.74, 0.84, 0.59, 1.00, 1.00, 0.37, 0.36, 0.30, 0.25, 0.25, 0.99, 1.00, 0.32, 0.25, 1.00, 0.26, 0.99, 1.00]
Event Rate: [0.88, 0.22, 0.52, 0.73, 0.83, 0.58, 1.00, 1.00, 0.36, 0.36, 0.30, 0.25, 0.25, 0.99, 1.00, 0.32, 0.25, 1.00, 0.26, 0.98, 1.00]
Event Rate: [0.88, 0.22, 0.53, 0.73, 0.84, 0.58, 1.00, 1.00, 0.36, 0.36, 0.30, 0.25, 0.25, 0.99, 1.00, 0.32, 0.25, 1.00, 0.26, 0.98, 1.00]
Event Rate: [0.88, 0.23, 0.53, 0.73, 0.83, 0.58, 1.00, 1.00, 0.36, 0.36, 0.30, 0.25, 0.25, 0.99, 1.00, 0.32, 0.26, 1.00, 0.26, 0.98, 1.00]
Event Rate: [0.89, 0.23, 0.54, 0.74, 0.84, 0.59, 1.00, 1.00, 0.36, 0.36, 0.29, 0.24, 0.24, 0.99, 1.00, 0.31, 0.26, 1.00, 0.26, 0.98, 1.00]
Event Rate: [0.88, 0.23, 0.53, 0.73, 0.83, 0.58, 1.00, 1.00, 0.36, 0.35, 0.29, 0.24, 0.24, 0.99, 1.00, 0.31, 0.26, 1.00, 0.26, 0.98, 1.00]
Event Rate: [0.89, 0.23, 0.53, 0.72, 0.83, 0.58, 1.00, 1.00, 0.36, 0.36, 0.29, 0.24, 0.24, 0.99, 1.00, 0.32, 0.26, 1.00, 0.26, 0.98, 1.00]
Event Rate: [0.89, 0.23, 0.54, 0.74, 0.84, 0.59, 1.00, 1.00, 0.36, 0.36, 0.30, 0.25, 0.24, 0.99, 1.00, 0.32, 0.26, 1.00, 0.26, 0.98, 1.00]
Event Rate: [0.88, 0.22, 0.53, 0.73, 0.83, 0.58, 1.00, 1.00, 0.36, 0.36, 0.30, 0.25, 0.25, 0.99, 1.00, 0.32, 0.25, 1.00, 0.26, 0.98, 1.00]
Event Rate: [0.89, 0.22, 0.53, 0.73, 0.83, 0.58, 1.00, 1.00, 0.36, 0.36, 0.30, 0.25, 0.25, 0.99, 1.00, 0.32, 0.25, 1.00, 0.26, 0.99, 1.00]
Event Rate: [0.89, 0.22, 0.53, 0.73, 0.84, 0.58, 1.00, 1.00, 0.36, 0.36, 0.29, 0.25, 0.24, 0.99, 1.00, 0.32, 0.26, 1.00, 0.26, 0.99, 1.00]
Event Rate: [0.87, 0.22, 0.52, 0.72, 0.83, 0.57, 1.00, 1.00, 0.36, 0.36, 0.29, 0.25, 0.24, 0.99, 1.00, 0.31, 0.25, 1.00, 0.26, 0.98, 1.00]
Event Rate: [0.87, 0.22, 0.52, 0.72, 0.82, 0.57, 1.00, 1.00, 0.35, 0.35, 0.28, 0.23, 0.23, 0.99, 1.00, 0.31, 0.25, 1.00, 0.25, 0.98, 1.00]
Event Rate: [0.88, 0.23, 0.53, 0.73, 0.83, 0.58, 1.00, 1.00, 0.36, 0.36, 0.29, 0.25, 0.24, 0.99, 1.00, 0.32, 0.26, 1.00, 0.26, 0.98, 1.00]
Event Rate: [0.88, 0.23, 0.54, 0.74, 0.84, 0.59, 1.00, 1.00, 0.36, 0.36, 0.29, 0.25, 0.24, 0.99, 1.00, 0.32, 0.26, 1.00, 0.26, 0.98, 1.00]
Event Rate: [0.88, 0.23, 0.54, 0.73, 0.84, 0.59, 1.00, 1.00, 0.36, 0.36, 0.29, 0.25, 0.24, 0.99, 1.00, 0.32, 0.26, 1.00, 0.26, 0.98, 1.00]
Event Rate: [0.88, 0.23, 0.54, 0.73, 0.83, 0.58, 1.00, 1.00, 0.36, 0.36, 0.30, 0.26, 0.25, 0.99, 1.00, 0.32, 0.26, 1.00, 0.27, 0.98, 1.00]
Event Rate: [0.89, 0.23, 0.54, 0.74, 0.84, 0.59, 1.00, 1.00, 0.36, 0.37, 0.30, 0.26, 0.25, 1.00, 1.00, 0.32, 0.26, 1.00, 0.26, 0.99, 1.00]
Event Rate: [0.89, 0.23, 0.55, 0.74, 0.84, 0.59, 1.00, 1.00, 0.36, 0.36, 0.30, 0.25, 0.25, 0.99, 1.00, 0.32, 0.26, 1.00, 0.26, 0.98, 1.00]
Event Rate: [0.88, 0.23, 0.54, 0.74, 0.84, 0.58, 1.00, 1.00, 0.37, 0.36, 0.29, 0.25, 0.25, 0.99, 1.00, 0.32, 0.26, 1.00, 0.26, 0.99, 1.00]
Event Rate: [0.88, 0.23, 0.53, 0.74, 0.84, 0.58, 1.00, 1.00, 0.37, 0.37, 0.30, 0.26, 0.25, 0.99, 1.00, 0.32, 0.26, 1.00, 0.27, 0.98, 1.00]
Event Rate: [0.88, 0.23, 0.53, 0.73, 0.84, 0.58, 1.00, 1.00, 0.37, 0.37, 0.30, 0.26, 0.25, 1.00, 1.00, 0.32, 0.26, 1.00, 0.27, 0.99, 1.00]
Event Rate: [0.89, 0.24, 0.54, 0.73, 0.83, 0.58, 1.00, 1.00, 0.37, 0.38, 0.31, 0.27, 0.27, 1.00, 1.00, 0.33, 0.27, 1.00, 0.28, 0.98, 1.00]
Event Rate: [0.88, 0.23, 0.53, 0.72, 0.83, 0.58, 1.00, 1.00, 0.37, 0.37, 0.31, 0.26, 0.26, 0.99, 1.00, 0.33, 0.26, 1.00, 0.27, 0.98, 1.00]
Event Rate: [0.88, 0.23, 0.53, 0.73, 0.83, 0.58, 1.00, 1.00, 0.37, 0.37, 0.31, 0.27, 0.26, 1.00, 1.00, 0.33, 0.26, 1.00, 0.27, 0.99, 1.00]
Event Rate: [0.88, 0.23, 0.54, 0.74, 0.84, 0.59, 1.00, 1.00, 0.37, 0.37, 0.31, 0.26, 0.26, 1.00, 1.00, 0.33, 0.26, 1.00, 0.27, 0.99, 1.00]
Event Rate: [0.90, 0.25, 0.55, 0.74, 0.84, 0.59, 1.00, 1.00, 0.37, 0.37, 0.31, 0.26, 0.26, 0.99, 1.00, 0.33, 0.27, 1.00, 0.28, 0.99, 1.00]
Event Rate: [0.88, 0.23, 0.54, 0.73, 0.84, 0.59, 1.00, 1.00, 0.37, 0.37, 0.30, 0.26, 0.25, 0.99, 1.00, 0.32, 0.26, 1.00, 0.27, 0.98, 1.00]
Event Rate: [0.89, 0.24, 0.55, 0.74, 0.84, 0.59, 1.00, 1.00, 0.37, 0.37, 0.30, 0.26, 0.25, 0.99, 1.00, 0.32, 0.27, 1.00, 0.27, 0.98, 1.00]
Event Rate: [0.88, 0.23, 0.53, 0.73, 0.84, 0.58, 1.00, 1.00, 0.37, 0.36, 0.30, 0.26, 0.25, 0.99, 1.00, 0.32, 0.26, 1.00, 0.27, 0.98, 1.00]
Event Rate: [0.89, 0.23, 0.54, 0.74, 0.84, 0.59, 1.00, 1.00, 0.37, 0.37, 0.31, 0.26, 0.26, 0.99, 1.00, 0.32, 0.26, 1.00, 0.27, 0.99, 1.00]
Event Rate: [0.88, 0.23, 0.53, 0.73, 0.83, 0.58, 1.00, 1.00, 0.36, 0.36, 0.30, 0.26, 0.26, 0.99, 1.00, 0.32, 0.26, 1.00, 0.27, 0.98, 1.00]
Event Rate: [0.88, 0.23, 0.54, 0.73, 0.83, 0.58, 1.00, 1.00, 0.37, 0.37, 0.31, 0.27, 0.26, 0.99, 1.00, 0.33, 0.26, 1.00, 0.27, 0.98, 1.00]
Event Rate: [0.89, 0.24, 0.54, 0.74, 0.84, 0.59, 1.00, 1.00, 0.37, 0.37, 0.31, 0.27, 0.27, 1.00, 1.00, 0.33, 0.27, 1.00, 0.28, 0.98, 1.00]
Event Rate: [0.88, 0.24, 0.54, 0.74, 0.84, 0.59, 1.00, 1.00, 0.37, 0.37, 0.31, 0.26, 0.26, 0.99, 1.00, 0.33, 0.27, 1.00, 0.28, 0.98, 1.00]
Event Rate: [0.88, 0.23, 0.54, 0.74, 0.84, 0.59, 1.00, 1.00, 0.37, 0.36, 0.30, 0.26, 0.25, 0.99, 1.00, 0.32, 0.26, 1.00, 0.27, 0.98, 1.00]
Event Rate: [0.89, 0.23, 0.55, 0.75, 0.85, 0.60, 1.00, 1.00, 0.36, 0.36, 0.29, 0.25, 0.24, 0.99, 1.00, 0.32, 0.26, 1.00, 0.26, 0.98, 1.00]
Event Rate: [0.89, 0.24, 0.54, 0.73, 0.83, 0.58, 1.00, 1.00, 0.36, 0.36, 0.29, 0.25, 0.24, 0.99, 1.00, 0.32, 0.27, 1.00, 0.27, 0.98, 1.00]
Event Rate: [0.89, 0.24, 0.55, 0.74, 0.84, 0.59, 1.00, 1.00, 0.36, 0.36, 0.30, 0.25, 0.25, 1.00, 1.00, 0.32, 0.27, 1.00, 0.27, 0.98, 1.00]
Event Rate: [0.88, 0.23, 0.54, 0.74, 0.84, 0.59, 1.00, 1.00, 0.36, 0.36, 0.29, 0.25, 0.24, 0.99, 1.00, 0.32, 0.26, 1.00, 0.26, 0.98, 1.00]
Event Rate: [0.89, 0.24, 0.55, 0.75, 0.85, 0.60, 1.00, 1.00, 0.37, 0.37, 0.30, 0.26, 0.25, 0.99, 1.00, 0.33, 0.27, 1.00, 0.27, 0.98, 1.00]
Event Rate: [0.88, 0.23, 0.54, 0.74, 0.84, 0.59, 1.00, 1.00, 0.36, 0.36, 0.30, 0.25, 0.25, 0.99, 1.00, 0.32, 0.26, 1.00, 0.27, 0.98, 1.00]
Event Rate: [0.88, 0.24, 0.53, 0.73, 0.83, 0.58, 1.00, 1.00, 0.36, 0.36, 0.30, 0.25, 0.25, 0.99, 1.00, 0.32, 0.27, 1.00, 0.27, 0.98, 1.00]
Event Rate: [0.89, 0.24, 0.54, 0.73, 0.83, 0.58, 1.00, 1.00, 0.37, 0.37, 0.30, 0.26, 0.25, 0.99, 1.00, 0.33, 0.27, 1.00, 0.27, 0.97, 1.00]
Event Rate: [0.88, 0.24, 0.55, 0.75, 0.84, 0.60, 1.00, 1.00, 0.36, 0.36, 0.29, 0.25, 0.24, 0.99, 1.00, 0.32, 0.27, 1.00, 0.26, 0.98, 1.00]
Event Rate: [0.89, 0.24, 0.56, 0.75, 0.85, 0.60, 1.00, 1.00, 0.37, 0.37, 0.30, 0.26, 0.25, 0.99, 1.00, 0.33, 0.27, 1.00, 0.27, 0.98, 1.00]
Event Rate: [0.88, 0.23, 0.54, 0.74, 0.84, 0.59, 1.00, 1.00, 0.37, 0.37, 0.30, 0.26, 0.25, 0.99, 1.00, 0.32, 0.26, 1.00, 0.27, 0.98, 1.00]
Event Rate: [0.88, 0.24, 0.55, 0.75, 0.85, 0.60, 1.00, 1.00, 0.37, 0.36, 0.30, 0.25, 0.25, 0.99, 1.00, 0.32, 0.27, 1.00, 0.27, 0.98, 1.00]
Event Rate: [0.88, 0.23, 0.55, 0.75, 0.85, 0.59, 1.00, 1.00, 0.37, 0.36, 0.30, 0.25, 0.25, 0.99, 1.00, 0.32, 0.26, 1.00, 0.27, 0.98, 1.00]
Event Rate: [0.88, 0.23, 0.55, 0.75, 0.85, 0.59, 1.00, 1.00, 0.37, 0.37, 0.31, 0.26, 0.25, 1.00, 1.00, 0.33, 0.27, 1.00, 0.27, 0.98, 1.00]
Event Rate: [0.88, 0.24, 0.55, 0.74, 0.85, 0.60, 1.00, 1.00, 0.37, 0.37, 0.30, 0.26, 0.25, 0.99, 1.00, 0.33, 0.27, 1.00, 0.28, 0.98, 1.00]
Event Rate: [0.89, 0.25, 0.56, 0.75, 0.85, 0.60, 1.00, 1.00, 0.37, 0.37, 0.31, 0.26, 0.26, 0.99, 1.00, 0.33, 0.28, 1.00, 0.28, 0.98, 1.00]
Event Rate: [0.89, 0.24, 0.55, 0.74, 0.84, 0.59, 1.00, 1.00, 0.37, 0.36, 0.30, 0.25, 0.25, 0.99, 1.00, 0.32, 0.27, 1.00, 0.27, 0.98, 1.00]
Event Rate: [0.88, 0.23, 0.53, 0.73, 0.83, 0.58, 1.00, 1.00, 0.37, 0.37, 0.31, 0.26, 0.26, 0.99, 1.00, 0.33, 0.26, 1.00, 0.28, 0.98, 1.00]
Event Rate: [0.89, 0.24, 0.54, 0.73, 0.83, 0.59, 1.00, 1.00, 0.37, 0.37, 0.31, 0.26, 0.26, 0.99, 1.00, 0.33, 0.27, 1.00, 0.28, 0.98, 1.00]
Event Rate: [0.88, 0.24, 0.54, 0.73, 0.84, 0.59, 1.00, 1.00, 0.37, 0.37, 0.31, 0.26, 0.26, 0.99, 1.00, 0.33, 0.27, 1.00, 0.28, 0.98, 1.00]
Event Rate: [0.89, 0.25, 0.55, 0.75, 0.85, 0.60, 1.00, 1.00, 0.38, 0.38, 0.32, 0.27, 0.26, 1.00, 1.00, 0.34, 0.28, 1.00, 0.29, 0.99, 1.00]
Event Rate: [0.88, 0.25, 0.55, 0.74, 0.84, 0.60, 1.00, 1.00, 0.37, 0.37, 0.31, 0.26, 0.25, 0.99, 1.00, 0.33, 0.28, 1.00, 0.28, 0.98, 1.00]
Event Rate: [0.88, 0.24, 0.54, 0.73, 0.84, 0.59, 1.00, 1.00, 0.38, 0.38, 0.32, 0.27, 0.27, 0.99, 1.00, 0.34, 0.28, 1.00, 0.29, 0.98, 1.00]
Event Rate: [0.88, 0.25, 0.55, 0.74, 0.84, 0.60, 1.00, 1.00, 0.37, 0.37, 0.31, 0.26, 0.26, 0.99, 1.00, 0.33, 0.28, 1.00, 0.28, 0.99, 1.00]
Event Rate: [0.88, 0.25, 0.54, 0.73, 0.83, 0.59, 1.00, 1.00, 0.37, 0.37, 0.31, 0.27, 0.26, 0.99, 1.00, 0.33, 0.28, 1.00, 0.29, 0.98, 1.00]
Event Rate: [0.89, 0.24, 0.55, 0.75, 0.85, 0.60, 1.00, 1.00, 0.37, 0.36, 0.30, 0.26, 0.25, 0.99, 1.00, 0.33, 0.27, 1.00, 0.27, 0.98, 1.00]
Event Rate: [0.89, 0.25, 0.56, 0.75, 0.85, 0.60, 1.00, 1.00, 0.37, 0.37, 0.30, 0.25, 0.25, 0.99, 1.00, 0.33, 0.28, 1.00, 0.28, 0.98, 1.00]
Event Rate: [0.88, 0.24, 0.55, 0.74, 0.84, 0.59, 1.00, 1.00, 0.37, 0.37, 0.31, 0.26, 0.25, 0.99, 1.00, 0.33, 0.27, 1.00, 0.28, 0.98, 1.00]
Event Rate: [0.89, 0.25, 0.56, 0.75, 0.85, 0.60, 1.00, 1.00, 0.37, 0.37, 0.30, 0.26, 0.25, 0.99, 1.00, 0.33, 0.27, 1.00, 0.28, 0.98, 1.00]
Event Rate: [0.88, 0.25, 0.55, 0.74, 0.84, 0.59, 1.00, 1.00, 0.37, 0.37, 0.31, 0.26, 0.26, 0.99, 1.00, 0.33, 0.27, 1.00, 0.28, 0.98, 1.00]
Event Rate: [0.88, 0.25, 0.56, 0.75, 0.85, 0.60, 1.00, 1.00, 0.37, 0.37, 0.31, 0.26, 0.25, 0.99, 1.00, 0.33, 0.28, 1.00, 0.28, 0.98, 1.00]
Event Rate: [0.88, 0.24, 0.55, 0.75, 0.85, 0.60, 1.00, 1.00, 0.37, 0.37, 0.31, 0.26, 0.26, 0.99, 1.00, 0.33, 0.27, 1.00, 0.28, 0.98, 1.00]
Event Rate: [0.88, 0.25, 0.55, 0.75, 0.85, 0.60, 1.00, 1.00, 0.37, 0.37, 0.31, 0.26, 0.25, 0.99, 1.00, 0.33, 0.27, 1.00, 0.28, 0.98, 1.00]
Event Rate: [0.89, 0.25, 0.56, 0.75, 0.85, 0.60, 1.00, 1.00, 0.37, 0.37, 0.31, 0.27, 0.26, 0.99, 1.00, 0.33, 0.28, 1.00, 0.28, 0.98, 1.00]
Event Rate: [0.89, 0.26, 0.57, 0.76, 0.86, 0.61, 1.00, 1.00, 0.37, 0.38, 0.31, 0.26, 0.26, 0.99, 1.00, 0.33, 0.28, 1.00, 0.28, 0.98, 1.00]
Event Rate: [0.88, 0.25, 0.56, 0.75, 0.85, 0.60, 1.00, 1.00, 0.37, 0.37, 0.31, 0.26, 0.25, 0.99, 1.00, 0.33, 0.28, 1.00, 0.28, 0.98, 1.00]
Event Rate: [0.88, 0.25, 0.56, 0.75, 0.85, 0.60, 1.00, 1.00, 0.37, 0.37, 0.31, 0.26, 0.26, 0.99, 1.00, 0.33, 0.28, 1.00, 0.28, 0.98, 1.00]
Event Rate: [0.88, 0.25, 0.55, 0.74, 0.84, 0.60, 1.00, 1.00, 0.37, 0.37, 0.31, 0.26, 0.26, 0.99, 1.00, 0.33, 0.27, 1.00, 0.28, 0.98, 1.00]
Event Rate: [0.89, 0.26, 0.57, 0.76, 0.86, 0.61, 1.00, 1.00, 0.37, 0.37, 0.31, 0.27, 0.26, 0.99, 1.00, 0.33, 0.28, 1.00, 0.29, 0.98, 1.00]
Event Rate: [0.88, 0.25, 0.55, 0.74, 0.84, 0.60, 1.00, 1.00, 0.37, 0.36, 0.30, 0.26, 0.25, 0.99, 1.00, 0.33, 0.28, 1.00, 0.28, 0.98, 1.00]
Event Rate: [0.90, 0.26, 0.57, 0.76, 0.85, 0.61, 1.00, 1.00, 0.37, 0.38, 0.31, 0.27, 0.26, 1.00, 1.00, 0.33, 0.28, 1.00, 0.28, 0.99, 1.00]
Event Rate: [0.88, 0.24, 0.55, 0.75, 0.84, 0.60, 1.00, 1.00, 0.37, 0.37, 0.30, 0.26, 0.25, 0.99, 1.00, 0.33, 0.27, 1.00, 0.28, 0.98, 1.00]
Event Rate: [0.88, 0.25, 0.55, 0.75, 0.84, 0.60, 1.00, 1.00, 0.37, 0.37, 0.30, 0.26, 0.25, 0.99, 1.00, 0.33, 0.28, 1.00, 0.28, 0.98, 1.00]
Event Rate: [0.89, 0.26, 0.58, 0.77, 0.87, 0.62, 1.00, 1.00, 0.37, 0.38, 0.31, 0.26, 0.26, 0.99, 1.00, 0.33, 0.28, 1.00, 0.28, 0.99, 1.00]
Event Rate: [0.89, 0.25, 0.56, 0.75, 0.85, 0.60, 1.00, 1.00, 0.37, 0.37, 0.31, 0.27, 0.26, 0.99, 1.00, 0.34, 0.28, 1.00, 0.29, 0.98, 1.00]
Event Rate: [0.88, 0.25, 0.56, 0.75, 0.85, 0.60, 1.00, 1.00, 0.37, 0.37, 0.31, 0.26, 0.26, 0.99, 1.00, 0.33, 0.28, 1.00, 0.28, 0.98, 1.00]
Event Rate: [0.89, 0.25, 0.56, 0.75, 0.85, 0.60, 1.00, 1.00, 0.37, 0.37, 0.31, 0.26, 0.26, 0.99, 1.00, 0.33, 0.28, 1.00, 0.28, 0.98, 1.00]
Event Rate: [0.89, 0.25, 0.56, 0.75, 0.85, 0.60, 1.00, 1.00, 0.37, 0.37, 0.31, 0.27, 0.26, 0.99, 1.00, 0.33, 0.28, 1.00, 0.29, 0.98, 1.00]
Event Rate: [0.89, 0.26, 0.58, 0.77, 0.86, 0.62, 1.00, 1.00, 0.37, 0.37, 0.30, 0.26, 0.25, 0.99, 1.00, 0.33, 0.29, 1.00, 0.28, 0.98, 1.00]
Event Rate: [0.88, 0.26, 0.57, 0.76, 0.86, 0.61, 1.00, 1.00, 0.37, 0.37, 0.31, 0.26, 0.25, 0.99, 1.00, 0.33, 0.28, 1.00, 0.28, 0.98, 1.00]
Event Rate: [0.89, 0.26, 0.56, 0.75, 0.85, 0.61, 1.00, 1.00, 0.38, 0.38, 0.32, 0.27, 0.27, 0.99, 1.00, 0.34, 0.28, 1.00, 0.29, 0.98, 1.00]
Event Rate: [0.88, 0.25, 0.55, 0.74, 0.84, 0.60, 1.00, 1.00, 0.37, 0.37, 0.31, 0.26, 0.26, 0.99, 1.00, 0.33, 0.28, 1.00, 0.29, 0.98, 1.00]
Event Rate: [0.89, 0.26, 0.57, 0.77, 0.86, 0.62, 1.00, 1.00, 0.38, 0.37, 0.31, 0.26, 0.25, 0.99, 1.00, 0.33, 0.28, 1.00, 0.28, 0.99, 1.00]
Event Rate: [0.89, 0.26, 0.57, 0.76, 0.85, 0.61, 1.00, 1.00, 0.37, 0.37, 0.31, 0.26, 0.25, 0.99, 1.00, 0.33, 0.28, 1.00, 0.28, 0.98, 1.00]
Event Rate: [0.89, 0.27, 0.58, 0.77, 0.86, 0.62, 1.00, 1.00, 0.38, 0.38, 0.31, 0.27, 0.26, 0.99, 1.00, 0.34, 0.29, 1.00, 0.29, 0.98, 1.00]
Event Rate: [0.89, 0.25, 0.56, 0.76, 0.85, 0.61, 1.00, 1.00, 0.38, 0.37, 0.31, 0.27, 0.26, 0.99, 1.00, 0.33, 0.28, 1.00, 0.29, 0.98, 1.00]
Event Rate: [0.90, 0.26, 0.57, 0.76, 0.85, 0.61, 1.00, 1.00, 0.38, 0.38, 0.31, 0.27, 0.26, 0.99, 1.00, 0.33, 0.28, 1.00, 0.29, 0.98, 1.00]
