# Train        Test        
  291.465518   198.420593 
  187.132411   193.514221 
  172.005654   169.005981 
  164.340152   148.777740 
  152.931765   146.141449 
  149.087240   152.183258 
  143.537620   136.975418 
  138.746522   136.432053 
  135.903436   133.559509 
  133.627614   138.587540 
  132.546443   134.287750 
  131.617491   130.156921 
  130.291986   132.463928 
  130.963170   129.917480 
  132.284545   129.913925 
  130.227710   128.402359 
  130.373157   129.692535 
  130.481149   128.025803 
  130.848171   131.028854 
  125.958332   124.705353 
  123.684477   125.291893 
  123.686447   125.309967 
  123.572708   120.573692 
  125.664122   122.506531 
  120.042746   126.379364 
  116.623953   116.614601 
  116.316917   114.698769 
  112.428675   110.308144 
  110.595401   115.739189 
  107.810866   107.041397 
  108.273456   109.575554 
  105.699131   103.766960 
  104.779141   107.732132 
  105.709714   100.020599 
  106.047446   105.697456 
  106.366493   109.994232 
  108.237509   108.310951 
  111.591326   111.569519 
  110.786793   105.087547 
  110.143066   115.972885 
  111.941445   115.972916 
  114.735640   118.091408 
  115.964235   116.834366 
  115.169841   114.452232 
  111.968411   108.122490 
  111.898680   118.014999 
  108.984833   107.344017 
  109.859903   108.594864 
  107.546045   100.045593 
  104.478384   104.482620 
  103.281918   105.931061 
  101.944362   109.811218 
  101.263620    94.854156 
  101.172765   100.827293 
  100.767460    98.481880 
  100.449086    97.869698 
  101.581717   104.941017 
  100.286448   100.952835 
  103.851469   105.647423 
  106.937105   109.115799 
  105.968796   102.193954 
  112.475882   118.245674 
  112.697558   110.416122 
  111.075595   116.422028 
  110.902441   108.559792 
  108.870763   104.707207 
  111.921170   106.822701 
  108.478011   104.256897 
  105.784990    98.423264 
  103.555199    99.418251 
  101.067439   104.027908 
   99.114205    94.281593 
   98.409565    99.957359 
   96.337840    92.053986 
   96.335445    89.940331 
   96.682816    92.040031 
   96.479136    97.901840 
   97.164926   100.534355 
   97.455439    96.262474 
   99.224615    98.928284 
   99.540509   103.101631 
  100.973922    97.389381 
   99.918803   103.528023 
  102.629974   101.705025 
  103.253108   103.584526 
  105.222838   107.745132 
  102.260568   103.795906 
  104.675472    99.377266 
  102.066914   103.546768 
  101.927815    96.817337 
   99.933503   102.774414 
   97.700912    93.367561 
   96.117693    97.489357 
   95.564705    92.500473 
   93.027651    94.048233 
   92.767405    93.618378 
   92.453438    89.785309 
   92.282453    91.987846 
   93.226076    92.109238 
   93.503449    98.613785 
   93.794553    94.064827 
   98.524226    97.438484 
  100.272035    96.365616 
   98.880484   103.544647 
  100.154111   109.299316 
  104.429185   100.226288 
  101.169876    95.803642 
  104.396857   102.933350 
  102.169026   103.143692 
  101.612534    99.179207 
   98.215392    98.800423 
   97.160427    97.117172 
   96.098156    94.331482 
   94.056859    93.781319 
   93.360402    95.569183 
   91.336946    90.787964 
   88.943724    88.363365 
   89.304974    92.675545 
   88.745530    87.217285 
   89.699538    96.308304 
   90.482710    92.542152 
   91.124835    91.157089 
   92.380118    92.714294 
   92.600633    91.980049 
   95.694495    94.566940 
   95.662733   106.315155 
   97.641869    97.817902 
   96.603054    96.346069 
   98.355513    96.496170 
  100.210045    97.546074 
   99.291159    96.695244 
   98.889939    95.535896 
   98.248523   104.937378 
   96.478239    95.540848 
   93.282407    93.781281 
   92.033216    92.980225 
   90.610619    89.194725 
   87.824511    88.348633 
   87.080023    90.559395 
   88.118154    87.644554 
   86.987338    82.669868 
   87.844010    85.952858 
   88.105493    90.778580 
   89.468984    89.889145 
   90.578596    91.828773 
   95.215357    90.015800 
   92.896924    95.341690 
  102.548048    98.039612 
  101.666201    95.307556 
   95.433275    93.600281 
   95.698995    96.841400 
   96.824169   108.912476 
   95.466866    97.721642 
   95.847866    96.929855 
   94.798832    91.114441 
   94.133896    95.438698 
   91.825664    88.667046 
   90.566233    87.136200 
   89.753005    88.066208 
   87.879956    86.515526 
   86.405938    89.284630 
   87.070008    85.759460 
   87.165598    91.385773 
   86.960095    90.385345 
   87.041329    88.774689 
   89.959628    95.822014 
   90.981004    94.835869 
   93.036454    93.814461 
   94.995403   105.488548 
   95.690782    98.884270 
   99.003942    98.906998 
   98.026144    99.801552 
   98.906504    99.302315 
   98.273724    97.142723 
   98.117723   101.336304 
   96.300914    98.644699 
   93.241283    93.666336 
   91.898366    97.600159 
   90.247204    90.653564 
   87.519805    86.735970 
   86.330993    89.418335 
   86.742050    86.212158 
   85.006232    89.236259 
   85.859776    82.334335 
   86.749606    88.580040 
   86.960539    85.013908 
   88.637978    87.930580 
   89.839203    88.286674 
   90.920830    90.050751 
   90.954278    90.951027 
   92.662108    90.450806 
   92.631556    86.463821 
   92.313202    93.646400 
   92.337728    88.735031 
   92.024521    89.501846 
   91.240362    89.879074 
   93.635480    88.213783 
   88.425309    89.906532 
   89.645112    89.820389 
   87.071941    85.509590 
   85.988352    88.172356 
   85.412429    87.577301 
   84.330886    83.470718 
   83.562399    81.827080 
   83.892024    81.737000 
   85.217866    86.701912 
   89.091545    89.727188 
   86.760812    86.455963 
   86.068526    89.928490 
   87.962356    93.388954 
   89.425222    88.107964 
   90.318457    86.300491 
   92.193403    93.573471 
   94.274881    89.519600 
   94.857930   102.296402 
   94.296827    93.735115 
   94.127472    90.460541 
   91.789151    93.776405 
   91.998596    88.106270 
   89.753212    89.120781 
   86.533980    85.438316 
   86.688999    87.001991 
   84.241137    81.851151 
   82.891948    82.464836 
   82.490117    82.988304 
   82.599824    81.357330 
   82.263591    80.024155 
   82.155766    81.056091 
   83.075629    82.345207 
   84.330137    80.050743 
   85.197975    95.853493 
   89.211640    85.750252 
   88.774084    86.143616 
   92.053114    90.804123 
   89.456425    92.553421 
   89.523469    92.416084 
   91.867169    94.176521 
   91.004608    89.290016 
   93.391093    96.166702 
   89.250836    86.461830 
   88.365166    87.202171 
   86.313809    87.540413 
   85.689333    83.759720 
   83.821437    82.091171 
   83.954615    80.497536 
   81.679471    81.538193 
   80.729337    79.991051 
   82.018691    89.052902 
   82.110628    82.303802 
   82.545812    81.947556 
   84.234391    82.904137 
   84.537202    85.007996 
   85.735028    89.915520 
   88.200877    90.811493 
   91.586311   101.446037 
   91.259036    89.850662 
   93.834183    94.694626 
   91.793485    94.815536 
   94.655273    88.953384 
   92.930620    88.864174 
   90.790122    93.236565 
   88.423982    84.974915 
   87.627765    87.026932 
   86.985552    84.676987 
   85.024544    84.421234 
   82.700877    83.061928 
   81.536507    85.716003 
   81.479909    84.276543 
   80.960305    80.033257 
   81.332154    81.911194 
   81.698762    83.947601 
   82.752222    83.652740 
   82.222486    79.051460 
   83.444612    81.472702 
   86.018815    88.144333 
   88.273565    86.756691 
   87.246107    88.627625 
   88.143900    83.245522 
   88.990205    90.157883 
   89.054698    87.113922 
   88.070562    86.166145 
   86.577599    84.143074 
   89.172871    87.591866 
   87.380847    85.121323 
   84.886053    82.687843 
   83.849725    79.150681 
   81.585737    80.702919 
   80.744979    84.068390 
   80.066298    81.410858 
   80.551567    86.608910 
   80.944708    82.318504 
   80.068194    83.842850 
   80.981414    81.140617 
   81.285003    81.888039 
   81.717222    79.577583 
   84.176068    88.038010 
   86.276797    83.053215 
   87.394670    87.920540 
   87.638122    90.483315 
   89.669035    92.223953 
