Event Rate: [0.49, 0.20, 0.12, 0.04, 0.04, 0.05, 0.06, 0.07, 0.08, 0.09, 0.49, 0.55]
Event Rate: [0.49, 0.21, 0.12, 0.04, 0.04, 0.05, 0.06, 0.07, 0.08, 0.09, 0.50, 0.55]
Event Rate: [0.33, 0.15, 0.09, 0.03, 0.03, 0.04, 0.05, 0.06, 0.06, 0.08, 0.47, 0.53]
Event Rate: [0.37, 0.17, 0.10, 0.03, 0.04, 0.04, 0.05, 0.06, 0.07, 0.08, 0.48, 0.54]
Event Rate: [0.29, 0.13, 0.07, 0.03, 0.03, 0.03, 0.04, 0.05, 0.06, 0.07, 0.45, 0.53]
Event Rate: [0.36, 0.16, 0.10, 0.03, 0.03, 0.04, 0.05, 0.06, 0.07, 0.08, 0.48, 0.52]
Event Rate: [0.39, 0.18, 0.12, 0.04, 0.05, 0.06, 0.07, 0.09, 0.10, 0.11, 0.48, 0.50]
Event Rate: [0.38, 0.18, 0.11, 0.04, 0.05, 0.06, 0.08, 0.10, 0.11, 0.14, 0.47, 0.50]
Event Rate: [0.32, 0.13, 0.08, 0.03, 0.04, 0.05, 0.07, 0.09, 0.11, 0.13, 0.43, 0.50]
Event Rate: [0.38, 0.18, 0.12, 0.05, 0.06, 0.08, 0.10, 0.14, 0.16, 0.18, 0.47, 0.48]
Event Rate: [0.30, 0.13, 0.08, 0.03, 0.04, 0.05, 0.07, 0.10, 0.12, 0.13, 0.43, 0.51]
Event Rate: [0.38, 0.16, 0.11, 0.05, 0.05, 0.07, 0.09, 0.12, 0.14, 0.16, 0.48, 0.53]
Event Rate: [0.26, 0.11, 0.07, 0.03, 0.03, 0.04, 0.05, 0.07, 0.08, 0.09, 0.42, 0.55]
Event Rate: [0.27, 0.12, 0.08, 0.03, 0.03, 0.04, 0.06, 0.07, 0.08, 0.09, 0.37, 0.54]
Event Rate: [0.35, 0.16, 0.10, 0.04, 0.05, 0.06, 0.08, 0.10, 0.11, 0.13, 0.48, 0.54]
Event Rate: [0.35, 0.16, 0.10, 0.04, 0.04, 0.06, 0.08, 0.11, 0.12, 0.14, 0.47, 0.52]
Event Rate: [0.36, 0.17, 0.10, 0.04, 0.04, 0.05, 0.08, 0.10, 0.12, 0.13, 0.47, 0.52]
Event Rate: [0.39, 0.18, 0.12, 0.04, 0.05, 0.06, 0.08, 0.11, 0.12, 0.14, 0.47, 0.50]
Event Rate: [0.20, 0.09, 0.05, 0.02, 0.02, 0.03, 0.04, 0.06, 0.07, 0.07, 0.35, 0.48]
Event Rate: [0.37, 0.17, 0.10, 0.03, 0.04, 0.05, 0.06, 0.09, 0.10, 0.12, 0.49, 0.47]
Event Rate: [0.36, 0.16, 0.09, 0.03, 0.03, 0.04, 0.06, 0.08, 0.09, 0.11, 0.49, 0.47]
Event Rate: [0.27, 0.12, 0.07, 0.02, 0.02, 0.03, 0.04, 0.06, 0.07, 0.08, 0.41, 0.47]
Event Rate: [0.33, 0.15, 0.09, 0.03, 0.03, 0.04, 0.06, 0.08, 0.09, 0.11, 0.43, 0.46]
Event Rate: [0.35, 0.15, 0.09, 0.03, 0.04, 0.05, 0.07, 0.10, 0.11, 0.12, 0.45, 0.46]
Event Rate: [0.33, 0.14, 0.08, 0.03, 0.03, 0.04, 0.06, 0.09, 0.11, 0.12, 0.42, 0.47]
Event Rate: [0.38, 0.17, 0.09, 0.04, 0.04, 0.05, 0.08, 0.11, 0.13, 0.16, 0.46, 0.47]
Event Rate: [0.32, 0.15, 0.08, 0.03, 0.03, 0.04, 0.06, 0.08, 0.10, 0.11, 0.43, 0.47]
Event Rate: [0.35, 0.15, 0.08, 0.03, 0.03, 0.04, 0.06, 0.08, 0.09, 0.11, 0.47, 0.48]
Event Rate: [0.31, 0.15, 0.09, 0.03, 0.03, 0.03, 0.05, 0.06, 0.07, 0.08, 0.43, 0.48]
Event Rate: [0.40, 0.18, 0.10, 0.03, 0.03, 0.04, 0.05, 0.07, 0.08, 0.10, 0.49, 0.47]
Event Rate: [0.29, 0.13, 0.07, 0.02, 0.02, 0.03, 0.04, 0.05, 0.06, 0.08, 0.45, 0.47]
Event Rate: [0.34, 0.15, 0.08, 0.02, 0.02, 0.03, 0.04, 0.06, 0.07, 0.08, 0.46, 0.46]
Event Rate: [0.37, 0.16, 0.09, 0.03, 0.03, 0.03, 0.05, 0.07, 0.08, 0.10, 0.48, 0.45]
Event Rate: [0.39, 0.17, 0.08, 0.03, 0.03, 0.03, 0.05, 0.07, 0.08, 0.11, 0.48, 0.44]
Event Rate: [0.30, 0.13, 0.07, 0.03, 0.03, 0.03, 0.05, 0.07, 0.09, 0.11, 0.44, 0.44]
Event Rate: [0.42, 0.19, 0.11, 0.04, 0.04, 0.05, 0.07, 0.10, 0.12, 0.15, 0.49, 0.45]
Event Rate: [0.32, 0.13, 0.07, 0.02, 0.02, 0.03, 0.05, 0.07, 0.08, 0.10, 0.45, 0.44]
Event Rate: [0.32, 0.15, 0.08, 0.03, 0.03, 0.03, 0.05, 0.07, 0.08, 0.11, 0.45, 0.44]
Event Rate: [0.30, 0.13, 0.07, 0.02, 0.02, 0.03, 0.04, 0.06, 0.08, 0.10, 0.46, 0.45]
Event Rate: [0.38, 0.18, 0.09, 0.03, 0.03, 0.04, 0.06, 0.08, 0.10, 0.12, 0.49, 0.44]
Event Rate: [0.31, 0.15, 0.08, 0.03, 0.03, 0.03, 0.05, 0.06, 0.07, 0.09, 0.41, 0.45]
Event Rate: [0.40, 0.18, 0.09, 0.03, 0.03, 0.03, 0.05, 0.08, 0.09, 0.12, 0.48, 0.45]
Event Rate: [0.38, 0.16, 0.08, 0.03, 0.03, 0.03, 0.05, 0.08, 0.09, 0.12, 0.46, 0.45]
Event Rate: [0.37, 0.16, 0.08, 0.03, 0.03, 0.03, 0.05, 0.07, 0.09, 0.11, 0.46, 0.44]
Event Rate: [0.36, 0.16, 0.09, 0.03, 0.03, 0.04, 0.06, 0.08, 0.10, 0.12, 0.47, 0.44]
Event Rate: [0.40, 0.19, 0.10, 0.04, 0.03, 0.04, 0.06, 0.08, 0.10, 0.12, 0.48, 0.44]
Event Rate: [0.33, 0.15, 0.08, 0.03, 0.03, 0.03, 0.05, 0.07, 0.08, 0.11, 0.47, 0.43]
Event Rate: [0.27, 0.11, 0.05, 0.02, 0.02, 0.02, 0.04, 0.05, 0.06, 0.08, 0.45, 0.43]
Event Rate: [0.42, 0.16, 0.08, 0.03, 0.03, 0.03, 0.05, 0.06, 0.08, 0.10, 0.49, 0.44]
Event Rate: [0.36, 0.14, 0.07, 0.03, 0.02, 0.03, 0.04, 0.06, 0.07, 0.08, 0.43, 0.44]
Event Rate: [0.40, 0.16, 0.07, 0.03, 0.02, 0.03, 0.05, 0.06, 0.08, 0.10, 0.46, 0.43]
Event Rate: [0.30, 0.11, 0.05, 0.02, 0.02, 0.02, 0.03, 0.05, 0.06, 0.07, 0.41, 0.43]
Event Rate: [0.31, 0.12, 0.06, 0.02, 0.02, 0.02, 0.04, 0.05, 0.06, 0.08, 0.44, 0.43]
Event Rate: [0.34, 0.14, 0.07, 0.02, 0.02, 0.03, 0.04, 0.06, 0.08, 0.09, 0.45, 0.42]
Event Rate: [0.28, 0.10, 0.05, 0.02, 0.02, 0.02, 0.04, 0.06, 0.07, 0.08, 0.37, 0.43]
Event Rate: [0.42, 0.17, 0.09, 0.03, 0.03, 0.04, 0.06, 0.09, 0.11, 0.14, 0.47, 0.43]
Event Rate: [0.36, 0.15, 0.07, 0.03, 0.03, 0.03, 0.05, 0.08, 0.09, 0.11, 0.43, 0.43]
Event Rate: [0.41, 0.17, 0.08, 0.03, 0.03, 0.03, 0.05, 0.08, 0.10, 0.12, 0.47, 0.43]
Event Rate: [0.41, 0.17, 0.08, 0.03, 0.03, 0.03, 0.05, 0.07, 0.09, 0.11, 0.48, 0.42]
Event Rate: [0.36, 0.15, 0.08, 0.03, 0.03, 0.03, 0.05, 0.07, 0.08, 0.10, 0.46, 0.44]
Event Rate: [0.30, 0.12, 0.06, 0.02, 0.02, 0.02, 0.04, 0.05, 0.06, 0.08, 0.42, 0.44]
Event Rate: [0.37, 0.14, 0.07, 0.02, 0.02, 0.02, 0.04, 0.05, 0.07, 0.09, 0.46, 0.45]
Event Rate: [0.39, 0.16, 0.07, 0.03, 0.03, 0.03, 0.04, 0.06, 0.08, 0.10, 0.48, 0.44]
Event Rate: [0.38, 0.16, 0.07, 0.03, 0.03, 0.03, 0.05, 0.07, 0.08, 0.10, 0.48, 0.44]
Event Rate: [0.36, 0.14, 0.07, 0.03, 0.03, 0.03, 0.05, 0.07, 0.09, 0.10, 0.45, 0.45]
Event Rate: [0.43, 0.19, 0.09, 0.04, 0.04, 0.04, 0.07, 0.09, 0.12, 0.13, 0.48, 0.45]
Event Rate: [0.43, 0.18, 0.10, 0.04, 0.04, 0.04, 0.07, 0.09, 0.12, 0.13, 0.48, 0.45]
Event Rate: [0.36, 0.16, 0.08, 0.03, 0.03, 0.03, 0.05, 0.08, 0.10, 0.11, 0.45, 0.45]
Event Rate: [0.41, 0.17, 0.08, 0.03, 0.03, 0.04, 0.06, 0.08, 0.11, 0.12, 0.48, 0.44]
Event Rate: [0.35, 0.14, 0.07, 0.03, 0.03, 0.03, 0.04, 0.06, 0.08, 0.09, 0.45, 0.46]
Event Rate: [0.32, 0.12, 0.06, 0.02, 0.02, 0.02, 0.04, 0.05, 0.07, 0.08, 0.47, 0.47]
Event Rate: [0.35, 0.15, 0.07, 0.03, 0.03, 0.03, 0.04, 0.06, 0.08, 0.09, 0.44, 0.48]
Event Rate: [0.40, 0.16, 0.08, 0.03, 0.03, 0.03, 0.05, 0.07, 0.09, 0.10, 0.45, 0.48]
Event Rate: [0.37, 0.15, 0.07, 0.03, 0.03, 0.03, 0.05, 0.08, 0.10, 0.12, 0.44, 0.49]
Event Rate: [0.44, 0.19, 0.09, 0.04, 0.04, 0.04, 0.06, 0.09, 0.11, 0.13, 0.47, 0.49]
Event Rate: [0.33, 0.14, 0.06, 0.03, 0.03, 0.03, 0.04, 0.06, 0.08, 0.09, 0.43, 0.48]
Event Rate: [0.39, 0.16, 0.07, 0.03, 0.03, 0.03, 0.05, 0.07, 0.09, 0.10, 0.42, 0.47]
Event Rate: [0.39, 0.17, 0.08, 0.04, 0.04, 0.04, 0.06, 0.08, 0.11, 0.12, 0.45, 0.47]
Event Rate: [0.43, 0.18, 0.08, 0.03, 0.03, 0.03, 0.06, 0.08, 0.11, 0.12, 0.45, 0.45]
Event Rate: [0.36, 0.15, 0.07, 0.03, 0.03, 0.03, 0.05, 0.08, 0.10, 0.11, 0.43, 0.45]
Event Rate: [0.43, 0.19, 0.09, 0.04, 0.04, 0.04, 0.07, 0.09, 0.12, 0.13, 0.44, 0.45]
Event Rate: [0.38, 0.15, 0.06, 0.03, 0.03, 0.03, 0.05, 0.07, 0.09, 0.10, 0.42, 0.46]
Event Rate: [0.33, 0.15, 0.07, 0.03, 0.03, 0.03, 0.05, 0.06, 0.08, 0.10, 0.44, 0.46]
Event Rate: [0.37, 0.17, 0.08, 0.03, 0.03, 0.03, 0.05, 0.07, 0.09, 0.10, 0.44, 0.46]
Event Rate: [0.29, 0.14, 0.07, 0.03, 0.03, 0.03, 0.05, 0.06, 0.09, 0.09, 0.41, 0.46]
Event Rate: [0.36, 0.17, 0.09, 0.04, 0.04, 0.04, 0.07, 0.09, 0.12, 0.13, 0.43, 0.46]
Event Rate: [0.31, 0.14, 0.07, 0.03, 0.03, 0.03, 0.05, 0.08, 0.10, 0.11, 0.42, 0.46]
Event Rate: [0.42, 0.19, 0.09, 0.04, 0.04, 0.05, 0.07, 0.09, 0.12, 0.13, 0.48, 0.46]
Event Rate: [0.29, 0.14, 0.07, 0.03, 0.03, 0.03, 0.05, 0.07, 0.10, 0.10, 0.43, 0.46]
Event Rate: [0.36, 0.17, 0.08, 0.03, 0.03, 0.04, 0.06, 0.07, 0.10, 0.11, 0.44, 0.45]
Event Rate: [0.39, 0.18, 0.09, 0.04, 0.04, 0.05, 0.07, 0.10, 0.12, 0.13, 0.45, 0.45]
Event Rate: [0.40, 0.19, 0.09, 0.05, 0.05, 0.05, 0.07, 0.10, 0.12, 0.13, 0.46, 0.46]
Event Rate: [0.33, 0.14, 0.07, 0.04, 0.04, 0.04, 0.07, 0.09, 0.12, 0.13, 0.43, 0.46]
Event Rate: [0.33, 0.15, 0.06, 0.03, 0.03, 0.03, 0.05, 0.07, 0.09, 0.10, 0.43, 0.46]
Event Rate: [0.40, 0.18, 0.08, 0.04, 0.04, 0.04, 0.07, 0.09, 0.11, 0.12, 0.46, 0.46]
Event Rate: [0.37, 0.17, 0.07, 0.04, 0.04, 0.04, 0.06, 0.08, 0.10, 0.11, 0.45, 0.46]
Event Rate: [0.34, 0.16, 0.07, 0.04, 0.04, 0.04, 0.06, 0.08, 0.11, 0.11, 0.43, 0.46]
Event Rate: [0.34, 0.15, 0.07, 0.04, 0.03, 0.04, 0.06, 0.08, 0.10, 0.11, 0.43, 0.47]
Event Rate: [0.28, 0.13, 0.06, 0.03, 0.03, 0.04, 0.05, 0.07, 0.09, 0.10, 0.39, 0.48]
Event Rate: [0.35, 0.17, 0.08, 0.05, 0.05, 0.05, 0.08, 0.10, 0.13, 0.13, 0.44, 0.48]
Event Rate: [0.42, 0.20, 0.09, 0.05, 0.05, 0.06, 0.09, 0.11, 0.14, 0.15, 0.47, 0.49]
Event Rate: [0.27, 0.13, 0.05, 0.03, 0.03, 0.03, 0.04, 0.06, 0.08, 0.08, 0.41, 0.49]
Event Rate: [0.35, 0.16, 0.07, 0.03, 0.03, 0.04, 0.05, 0.07, 0.09, 0.10, 0.46, 0.49]
Event Rate: [0.29, 0.13, 0.06, 0.03, 0.03, 0.03, 0.04, 0.05, 0.07, 0.07, 0.41, 0.49]
Event Rate: [0.35, 0.16, 0.07, 0.04, 0.04, 0.04, 0.05, 0.07, 0.09, 0.10, 0.42, 0.49]
Event Rate: [0.33, 0.15, 0.07, 0.04, 0.04, 0.04, 0.06, 0.09, 0.11, 0.12, 0.46, 0.49]
Event Rate: [0.25, 0.11, 0.04, 0.03, 0.03, 0.03, 0.04, 0.06, 0.08, 0.09, 0.39, 0.48]
Event Rate: [0.40, 0.19, 0.09, 0.05, 0.05, 0.05, 0.07, 0.09, 0.12, 0.13, 0.47, 0.48]
Event Rate: [0.28, 0.13, 0.06, 0.03, 0.03, 0.03, 0.04, 0.06, 0.08, 0.08, 0.42, 0.48]
Event Rate: [0.40, 0.16, 0.07, 0.04, 0.04, 0.04, 0.06, 0.09, 0.11, 0.12, 0.43, 0.48]
Event Rate: [0.37, 0.14, 0.06, 0.04, 0.04, 0.04, 0.06, 0.08, 0.10, 0.11, 0.46, 0.48]
Event Rate: [0.34, 0.14, 0.06, 0.04, 0.03, 0.04, 0.06, 0.08, 0.10, 0.11, 0.41, 0.48]
Event Rate: [0.34, 0.14, 0.06, 0.04, 0.04, 0.04, 0.06, 0.08, 0.10, 0.10, 0.42, 0.49]
Event Rate: [0.39, 0.16, 0.08, 0.04, 0.04, 0.04, 0.06, 0.08, 0.10, 0.10, 0.43, 0.49]
Event Rate: [0.29, 0.11, 0.05, 0.03, 0.03, 0.03, 0.04, 0.06, 0.08, 0.08, 0.43, 0.49]
Event Rate: [0.41, 0.17, 0.07, 0.04, 0.04, 0.05, 0.07, 0.09, 0.12, 0.13, 0.43, 0.50]
Event Rate: [0.38, 0.16, 0.07, 0.04, 0.04, 0.05, 0.07, 0.09, 0.11, 0.12, 0.45, 0.50]
Event Rate: [0.42, 0.17, 0.07, 0.05, 0.05, 0.05, 0.08, 0.10, 0.13, 0.14, 0.46, 0.50]
Event Rate: [0.41, 0.17, 0.08, 0.05, 0.05, 0.05, 0.08, 0.10, 0.13, 0.13, 0.47, 0.50]
Event Rate: [0.43, 0.16, 0.07, 0.04, 0.04, 0.04, 0.06, 0.08, 0.11, 0.12, 0.44, 0.50]
Event Rate: [0.42, 0.17, 0.08, 0.05, 0.04, 0.05, 0.07, 0.09, 0.11, 0.12, 0.44, 0.49]
Event Rate: [0.45, 0.18, 0.08, 0.05, 0.04, 0.05, 0.07, 0.09, 0.12, 0.13, 0.48, 0.49]
Event Rate: [0.44, 0.17, 0.08, 0.04, 0.04, 0.05, 0.07, 0.10, 0.12, 0.13, 0.47, 0.49]
Event Rate: [0.40, 0.17, 0.08, 0.05, 0.05, 0.05, 0.08, 0.10, 0.13, 0.13, 0.44, 0.50]
Event Rate: [0.42, 0.17, 0.08, 0.05, 0.05, 0.05, 0.08, 0.10, 0.13, 0.14, 0.47, 0.49]
Event Rate: [0.35, 0.15, 0.07, 0.04, 0.04, 0.04, 0.06, 0.08, 0.10, 0.11, 0.41, 0.49]
Event Rate: [0.32, 0.12, 0.06, 0.03, 0.03, 0.04, 0.05, 0.07, 0.09, 0.09, 0.46, 0.49]
Event Rate: [0.40, 0.16, 0.07, 0.04, 0.04, 0.05, 0.07, 0.08, 0.11, 0.10, 0.46, 0.50]
Event Rate: [0.40, 0.16, 0.07, 0.04, 0.04, 0.04, 0.06, 0.08, 0.11, 0.11, 0.47, 0.49]
Event Rate: [0.40, 0.17, 0.08, 0.05, 0.04, 0.05, 0.07, 0.09, 0.11, 0.11, 0.46, 0.50]
Event Rate: [0.43, 0.17, 0.08, 0.05, 0.05, 0.05, 0.08, 0.10, 0.13, 0.13, 0.47, 0.50]
Event Rate: [0.44, 0.18, 0.09, 0.06, 0.05, 0.06, 0.09, 0.11, 0.14, 0.15, 0.47, 0.50]
Event Rate: [0.38, 0.15, 0.07, 0.05, 0.04, 0.05, 0.07, 0.09, 0.11, 0.12, 0.43, 0.50]
Event Rate: [0.30, 0.13, 0.06, 0.04, 0.04, 0.04, 0.06, 0.08, 0.10, 0.10, 0.38, 0.50]
Event Rate: [0.39, 0.17, 0.09, 0.05, 0.05, 0.06, 0.08, 0.10, 0.13, 0.13, 0.42, 0.51]
Event Rate: [0.34, 0.14, 0.07, 0.05, 0.04, 0.05, 0.07, 0.09, 0.12, 0.12, 0.42, 0.51]
Event Rate: [0.35, 0.14, 0.07, 0.04, 0.04, 0.05, 0.07, 0.09, 0.11, 0.11, 0.44, 0.50]
Event Rate: [0.38, 0.15, 0.07, 0.05, 0.04, 0.05, 0.07, 0.09, 0.11, 0.11, 0.44, 0.50]
Event Rate: [0.42, 0.18, 0.09, 0.06, 0.06, 0.06, 0.09, 0.11, 0.13, 0.13, 0.45, 0.50]
Event Rate: [0.29, 0.11, 0.05, 0.03, 0.03, 0.04, 0.05, 0.07, 0.09, 0.09, 0.39, 0.50]
Event Rate: [0.44, 0.18, 0.09, 0.06, 0.05, 0.06, 0.09, 0.11, 0.14, 0.14, 0.47, 0.51]
Event Rate: [0.36, 0.15, 0.07, 0.05, 0.05, 0.05, 0.08, 0.10, 0.12, 0.12, 0.40, 0.51]
Event Rate: [0.37, 0.15, 0.07, 0.05, 0.05, 0.05, 0.08, 0.10, 0.12, 0.12, 0.45, 0.50]
Event Rate: [0.34, 0.14, 0.06, 0.04, 0.04, 0.05, 0.07, 0.08, 0.10, 0.10, 0.43, 0.51]
Event Rate: [0.42, 0.17, 0.08, 0.05, 0.05, 0.05, 0.08, 0.10, 0.13, 0.13, 0.43, 0.50]
Event Rate: [0.38, 0.16, 0.07, 0.05, 0.04, 0.05, 0.07, 0.09, 0.12, 0.12, 0.45, 0.50]
Event Rate: [0.35, 0.15, 0.07, 0.05, 0.04, 0.05, 0.07, 0.09, 0.11, 0.11, 0.43, 0.51]
Event Rate: [0.43, 0.18, 0.08, 0.06, 0.05, 0.06, 0.09, 0.12, 0.15, 0.15, 0.46, 0.51]
Event Rate: [0.48, 0.21, 0.11, 0.07, 0.06, 0.07, 0.10, 0.13, 0.16, 0.16, 0.47, 0.50]
Event Rate: [0.38, 0.16, 0.08, 0.05, 0.05, 0.06, 0.09, 0.11, 0.13, 0.13, 0.44, 0.50]
Event Rate: [0.44, 0.18, 0.08, 0.06, 0.05, 0.06, 0.09, 0.11, 0.14, 0.14, 0.46, 0.50]
Event Rate: [0.34, 0.14, 0.07, 0.04, 0.04, 0.04, 0.06, 0.08, 0.10, 0.11, 0.38, 0.50]
Event Rate: [0.35, 0.13, 0.06, 0.04, 0.04, 0.04, 0.06, 0.08, 0.10, 0.11, 0.44, 0.50]
Event Rate: [0.36, 0.14, 0.06, 0.04, 0.04, 0.05, 0.07, 0.09, 0.12, 0.12, 0.46, 0.49]
Event Rate: [0.34, 0.13, 0.06, 0.04, 0.03, 0.04, 0.06, 0.08, 0.10, 0.10, 0.43, 0.49]
Event Rate: [0.34, 0.14, 0.07, 0.04, 0.04, 0.05, 0.07, 0.09, 0.11, 0.11, 0.41, 0.49]
Event Rate: [0.43, 0.18, 0.09, 0.06, 0.05, 0.06, 0.09, 0.11, 0.14, 0.15, 0.47, 0.49]
Event Rate: [0.31, 0.12, 0.05, 0.03, 0.03, 0.04, 0.05, 0.07, 0.09, 0.09, 0.39, 0.48]
Event Rate: [0.37, 0.15, 0.07, 0.05, 0.04, 0.05, 0.08, 0.10, 0.12, 0.13, 0.46, 0.48]
Event Rate: [0.36, 0.14, 0.07, 0.04, 0.04, 0.05, 0.07, 0.09, 0.11, 0.12, 0.43, 0.48]
Event Rate: [0.32, 0.13, 0.06, 0.04, 0.04, 0.04, 0.06, 0.08, 0.10, 0.10, 0.40, 0.48]
Event Rate: [0.34, 0.14, 0.07, 0.04, 0.04, 0.05, 0.07, 0.09, 0.11, 0.12, 0.41, 0.48]
Event Rate: [0.47, 0.22, 0.11, 0.07, 0.07, 0.08, 0.11, 0.14, 0.17, 0.17, 0.47, 0.47]
Event Rate: [0.38, 0.15, 0.06, 0.04, 0.04, 0.05, 0.07, 0.09, 0.11, 0.11, 0.45, 0.47]
Event Rate: [0.42, 0.17, 0.08, 0.05, 0.05, 0.06, 0.09, 0.11, 0.14, 0.14, 0.47, 0.48]
Event Rate: [0.41, 0.18, 0.09, 0.06, 0.06, 0.07, 0.10, 0.13, 0.15, 0.15, 0.45, 0.48]
Event Rate: [0.36, 0.15, 0.07, 0.05, 0.05, 0.06, 0.08, 0.10, 0.12, 0.13, 0.45, 0.47]
Event Rate: [0.39, 0.16, 0.08, 0.05, 0.05, 0.06, 0.08, 0.11, 0.13, 0.13, 0.43, 0.48]
Event Rate: [0.39, 0.16, 0.08, 0.06, 0.05, 0.06, 0.09, 0.11, 0.14, 0.14, 0.44, 0.47]
Event Rate: [0.33, 0.13, 0.06, 0.04, 0.04, 0.05, 0.07, 0.09, 0.11, 0.11, 0.40, 0.48]
Event Rate: [0.30, 0.13, 0.07, 0.05, 0.05, 0.05, 0.07, 0.09, 0.11, 0.11, 0.36, 0.48]
Event Rate: [0.30, 0.12, 0.06, 0.04, 0.04, 0.05, 0.07, 0.09, 0.11, 0.10, 0.40, 0.49]
Event Rate: [0.38, 0.16, 0.08, 0.06, 0.06, 0.07, 0.10, 0.12, 0.15, 0.14, 0.44, 0.48]
Event Rate: [0.37, 0.14, 0.06, 0.05, 0.05, 0.05, 0.08, 0.10, 0.12, 0.13, 0.44, 0.49]
Event Rate: [0.47, 0.20, 0.09, 0.07, 0.07, 0.07, 0.11, 0.13, 0.16, 0.16, 0.46, 0.49]
Event Rate: [0.42, 0.17, 0.09, 0.06, 0.06, 0.07, 0.10, 0.12, 0.15, 0.15, 0.44, 0.48]
Event Rate: [0.41, 0.16, 0.07, 0.05, 0.05, 0.06, 0.09, 0.11, 0.14, 0.14, 0.48, 0.48]
Event Rate: [0.41, 0.16, 0.08, 0.05, 0.05, 0.06, 0.09, 0.12, 0.15, 0.14, 0.46, 0.48]
Event Rate: [0.46, 0.19, 0.09, 0.06, 0.06, 0.07, 0.10, 0.13, 0.16, 0.16, 0.47, 0.48]
Event Rate: [0.46, 0.19, 0.09, 0.07, 0.07, 0.08, 0.11, 0.14, 0.17, 0.17, 0.46, 0.49]
Event Rate: [0.42, 0.18, 0.09, 0.06, 0.06, 0.07, 0.10, 0.13, 0.15, 0.16, 0.47, 0.49]
Event Rate: [0.36, 0.15, 0.08, 0.06, 0.05, 0.06, 0.09, 0.12, 0.14, 0.14, 0.44, 0.49]
Event Rate: [0.45, 0.19, 0.10, 0.07, 0.07, 0.08, 0.11, 0.14, 0.17, 0.17, 0.47, 0.49]
Event Rate: [0.39, 0.16, 0.07, 0.05, 0.05, 0.06, 0.09, 0.11, 0.14, 0.14, 0.43, 0.48]
Event Rate: [0.37, 0.14, 0.07, 0.05, 0.05, 0.06, 0.08, 0.11, 0.13, 0.13, 0.46, 0.49]
Event Rate: [0.29, 0.11, 0.05, 0.04, 0.04, 0.04, 0.06, 0.08, 0.10, 0.10, 0.38, 0.49]
Event Rate: [0.40, 0.17, 0.08, 0.06, 0.06, 0.06, 0.09, 0.11, 0.14, 0.14, 0.43, 0.49]
Event Rate: [0.40, 0.16, 0.07, 0.05, 0.05, 0.06, 0.08, 0.11, 0.14, 0.13, 0.46, 0.49]
Event Rate: [0.41, 0.17, 0.09, 0.07, 0.06, 0.07, 0.10, 0.13, 0.15, 0.15, 0.44, 0.49]
Event Rate: [0.41, 0.17, 0.09, 0.06, 0.06, 0.07, 0.09, 0.12, 0.14, 0.14, 0.43, 0.49]
Event Rate: [0.41, 0.17, 0.08, 0.06, 0.06, 0.07, 0.10, 0.13, 0.15, 0.15, 0.45, 0.48]
Event Rate: [0.40, 0.16, 0.08, 0.06, 0.06, 0.06, 0.09, 0.12, 0.14, 0.14, 0.41, 0.48]
Event Rate: [0.32, 0.12, 0.06, 0.04, 0.04, 0.05, 0.07, 0.09, 0.12, 0.12, 0.42, 0.47]
Event Rate: [0.43, 0.18, 0.09, 0.07, 0.07, 0.08, 0.11, 0.14, 0.17, 0.17, 0.46, 0.47]
Event Rate: [0.39, 0.16, 0.08, 0.06, 0.06, 0.08, 0.11, 0.13, 0.16, 0.16, 0.43, 0.47]
Event Rate: [0.37, 0.15, 0.07, 0.06, 0.06, 0.07, 0.10, 0.12, 0.14, 0.14, 0.41, 0.47]
Event Rate: [0.37, 0.14, 0.07, 0.06, 0.06, 0.07, 0.09, 0.12, 0.15, 0.15, 0.43, 0.46]
Event Rate: [0.40, 0.16, 0.09, 0.06, 0.06, 0.07, 0.10, 0.13, 0.15, 0.15, 0.45, 0.46]
Event Rate: [0.48, 0.20, 0.10, 0.08, 0.08, 0.10, 0.14, 0.17, 0.20, 0.20, 0.46, 0.46]
Event Rate: [0.37, 0.15, 0.08, 0.06, 0.06, 0.07, 0.10, 0.12, 0.15, 0.14, 0.42, 0.46]
Event Rate: [0.44, 0.18, 0.09, 0.07, 0.07, 0.08, 0.11, 0.14, 0.17, 0.17, 0.46, 0.46]
Event Rate: [0.38, 0.16, 0.08, 0.06, 0.06, 0.07, 0.10, 0.13, 0.15, 0.15, 0.42, 0.46]
Event Rate: [0.37, 0.14, 0.07, 0.05, 0.05, 0.06, 0.09, 0.11, 0.13, 0.14, 0.41, 0.46]
Event Rate: [0.31, 0.12, 0.06, 0.04, 0.04, 0.05, 0.07, 0.10, 0.12, 0.12, 0.37, 0.46]
Event Rate: [0.41, 0.16, 0.08, 0.06, 0.06, 0.07, 0.10, 0.13, 0.15, 0.15, 0.44, 0.46]
Event Rate: [0.26, 0.10, 0.05, 0.04, 0.04, 0.04, 0.06, 0.08, 0.09, 0.09, 0.35, 0.46]
Event Rate: [0.39, 0.16, 0.08, 0.06, 0.06, 0.07, 0.10, 0.13, 0.16, 0.16, 0.46, 0.46]
Event Rate: [0.37, 0.16, 0.08, 0.07, 0.07, 0.08, 0.11, 0.13, 0.16, 0.15, 0.43, 0.46]
Event Rate: [0.38, 0.16, 0.08, 0.07, 0.07, 0.08, 0.11, 0.13, 0.16, 0.15, 0.42, 0.46]
Event Rate: [0.42, 0.17, 0.09, 0.07, 0.07, 0.08, 0.12, 0.15, 0.17, 0.17, 0.45, 0.46]
Event Rate: [0.37, 0.15, 0.08, 0.06, 0.06, 0.07, 0.10, 0.13, 0.15, 0.15, 0.44, 0.46]
Event Rate: [0.39, 0.16, 0.08, 0.06, 0.06, 0.07, 0.10, 0.13, 0.15, 0.15, 0.44, 0.46]
Event Rate: [0.32, 0.13, 0.07, 0.05, 0.05, 0.06, 0.08, 0.11, 0.13, 0.12, 0.40, 0.46]
Event Rate: [0.40, 0.16, 0.08, 0.07, 0.07, 0.07, 0.10, 0.13, 0.15, 0.15, 0.45, 0.46]
Event Rate: [0.39, 0.15, 0.08, 0.06, 0.06, 0.07, 0.10, 0.13, 0.16, 0.16, 0.47, 0.45]
Event Rate: [0.37, 0.14, 0.07, 0.06, 0.06, 0.07, 0.09, 0.12, 0.14, 0.14, 0.43, 0.46]
Event Rate: [0.36, 0.14, 0.07, 0.06, 0.06, 0.06, 0.09, 0.11, 0.14, 0.13, 0.41, 0.46]
Event Rate: [0.40, 0.17, 0.09, 0.07, 0.07, 0.08, 0.11, 0.14, 0.17, 0.17, 0.44, 0.47]
Event Rate: [0.41, 0.16, 0.08, 0.06, 0.06, 0.07, 0.10, 0.13, 0.15, 0.15, 0.40, 0.46]
Event Rate: [0.39, 0.16, 0.08, 0.07, 0.07, 0.08, 0.11, 0.14, 0.16, 0.16, 0.42, 0.46]
Event Rate: [0.43, 0.18, 0.09, 0.08, 0.08, 0.10, 0.13, 0.17, 0.19, 0.19, 0.45, 0.47]
Event Rate: [0.37, 0.15, 0.07, 0.06, 0.05, 0.06, 0.09, 0.12, 0.14, 0.14, 0.43, 0.46]
Event Rate: [0.43, 0.17, 0.08, 0.07, 0.07, 0.08, 0.11, 0.14, 0.17, 0.17, 0.47, 0.46]
Event Rate: [0.38, 0.14, 0.07, 0.06, 0.06, 0.07, 0.10, 0.13, 0.15, 0.16, 0.45, 0.46]
Event Rate: [0.46, 0.19, 0.10, 0.08, 0.08, 0.09, 0.13, 0.16, 0.19, 0.19, 0.47, 0.46]
Event Rate: [0.39, 0.15, 0.08, 0.06, 0.06, 0.07, 0.10, 0.13, 0.15, 0.15, 0.42, 0.46]
Event Rate: [0.40, 0.16, 0.09, 0.07, 0.07, 0.08, 0.11, 0.14, 0.17, 0.16, 0.45, 0.47]
Event Rate: [0.36, 0.14, 0.07, 0.06, 0.06, 0.07, 0.09, 0.12, 0.14, 0.14, 0.43, 0.46]
Event Rate: [0.38, 0.15, 0.07, 0.06, 0.06, 0.07, 0.09, 0.12, 0.14, 0.14, 0.43, 0.46]
Event Rate: [0.46, 0.19, 0.10, 0.08, 0.08, 0.09, 0.13, 0.16, 0.19, 0.19, 0.47, 0.46]
Event Rate: [0.44, 0.19, 0.10, 0.08, 0.08, 0.10, 0.13, 0.16, 0.19, 0.19, 0.45, 0.46]
Event Rate: [0.40, 0.16, 0.08, 0.07, 0.07, 0.08, 0.11, 0.14, 0.16, 0.16, 0.45, 0.46]
Event Rate: [0.33, 0.13, 0.07, 0.06, 0.06, 0.07, 0.09, 0.11, 0.13, 0.13, 0.36, 0.46]
Event Rate: [0.41, 0.18, 0.10, 0.08, 0.08, 0.09, 0.12, 0.14, 0.17, 0.16, 0.41, 0.46]
Event Rate: [0.34, 0.13, 0.07, 0.06, 0.06, 0.07, 0.10, 0.13, 0.15, 0.15, 0.41, 0.46]
Event Rate: [0.41, 0.16, 0.09, 0.07, 0.07, 0.08, 0.11, 0.14, 0.17, 0.17, 0.45, 0.46]
Event Rate: [0.42, 0.16, 0.08, 0.07, 0.07, 0.08, 0.11, 0.14, 0.17, 0.16, 0.43, 0.47]
Event Rate: [0.35, 0.14, 0.08, 0.07, 0.07, 0.08, 0.11, 0.13, 0.15, 0.15, 0.39, 0.47]
Event Rate: [0.37, 0.14, 0.07, 0.06, 0.06, 0.07, 0.10, 0.13, 0.15, 0.15, 0.44, 0.47]
Event Rate: [0.33, 0.13, 0.07, 0.06, 0.06, 0.06, 0.09, 0.11, 0.13, 0.13, 0.41, 0.47]
Event Rate: [0.42, 0.17, 0.09, 0.08, 0.08, 0.09, 0.12, 0.16, 0.18, 0.18, 0.45, 0.47]
Event Rate: [0.37, 0.15, 0.07, 0.06, 0.06, 0.07, 0.10, 0.12, 0.15, 0.14, 0.43, 0.47]
Event Rate: [0.24, 0.09, 0.05, 0.04, 0.04, 0.04, 0.06, 0.08, 0.09, 0.09, 0.32, 0.47]
Event Rate: [0.37, 0.15, 0.08, 0.07, 0.07, 0.08, 0.11, 0.14, 0.17, 0.16, 0.45, 0.47]
Event Rate: [0.44, 0.18, 0.10, 0.08, 0.08, 0.10, 0.13, 0.16, 0.19, 0.18, 0.45, 0.47]
Event Rate: [0.31, 0.12, 0.07, 0.06, 0.06, 0.06, 0.09, 0.11, 0.13, 0.13, 0.38, 0.47]
Event Rate: [0.35, 0.13, 0.07, 0.06, 0.06, 0.07, 0.10, 0.12, 0.14, 0.14, 0.41, 0.47]
Event Rate: [0.39, 0.15, 0.08, 0.07, 0.07, 0.08, 0.11, 0.14, 0.16, 0.16, 0.44, 0.47]
Event Rate: [0.42, 0.17, 0.10, 0.08, 0.08, 0.08, 0.12, 0.15, 0.18, 0.18, 0.47, 0.47]
Event Rate: [0.32, 0.12, 0.06, 0.06, 0.06, 0.07, 0.09, 0.12, 0.14, 0.14, 0.40, 0.47]
Event Rate: [0.40, 0.16, 0.09, 0.07, 0.07, 0.08, 0.12, 0.15, 0.17, 0.17, 0.44, 0.47]
Event Rate: [0.46, 0.19, 0.10, 0.08, 0.08, 0.09, 0.13, 0.16, 0.19, 0.19, 0.46, 0.47]
Event Rate: [0.38, 0.15, 0.08, 0.06, 0.07, 0.07, 0.10, 0.13, 0.16, 0.15, 0.42, 0.47]
Event Rate: [0.41, 0.16, 0.08, 0.07, 0.07, 0.08, 0.11, 0.14, 0.16, 0.16, 0.42, 0.48]
Event Rate: [0.38, 0.15, 0.08, 0.06, 0.07, 0.08, 0.11, 0.13, 0.16, 0.16, 0.42, 0.47]
Event Rate: [0.42, 0.18, 0.09, 0.08, 0.08, 0.09, 0.13, 0.16, 0.19, 0.18, 0.45, 0.47]
Event Rate: [0.37, 0.15, 0.08, 0.07, 0.07, 0.08, 0.10, 0.13, 0.16, 0.16, 0.42, 0.47]
Event Rate: [0.34, 0.13, 0.07, 0.06, 0.06, 0.06, 0.09, 0.12, 0.13, 0.13, 0.37, 0.47]
Event Rate: [0.46, 0.19, 0.11, 0.09, 0.09, 0.10, 0.14, 0.18, 0.20, 0.20, 0.46, 0.47]
Event Rate: [0.33, 0.12, 0.06, 0.05, 0.05, 0.06, 0.09, 0.11, 0.13, 0.13, 0.37, 0.47]
Event Rate: [0.40, 0.16, 0.09, 0.08, 0.08, 0.09, 0.12, 0.14, 0.17, 0.16, 0.41, 0.47]
Event Rate: [0.32, 0.12, 0.07, 0.05, 0.05, 0.06, 0.09, 0.11, 0.13, 0.13, 0.39, 0.47]
Event Rate: [0.43, 0.17, 0.09, 0.07, 0.08, 0.09, 0.12, 0.15, 0.18, 0.18, 0.45, 0.47]
Event Rate: [0.43, 0.18, 0.10, 0.08, 0.09, 0.10, 0.13, 0.16, 0.19, 0.18, 0.45, 0.47]
Event Rate: [0.41, 0.16, 0.09, 0.07, 0.08, 0.09, 0.12, 0.16, 0.18, 0.18, 0.46, 0.47]
Event Rate: [0.41, 0.16, 0.08, 0.06, 0.06, 0.07, 0.11, 0.14, 0.16, 0.16, 0.45, 0.46]
Event Rate: [0.35, 0.14, 0.07, 0.06, 0.07, 0.08, 0.11, 0.13, 0.16, 0.15, 0.39, 0.47]
Event Rate: [0.39, 0.16, 0.09, 0.07, 0.07, 0.08, 0.11, 0.14, 0.16, 0.16, 0.41, 0.47]
Event Rate: [0.32, 0.12, 0.07, 0.06, 0.06, 0.07, 0.10, 0.12, 0.14, 0.14, 0.44, 0.46]
Event Rate: [0.36, 0.14, 0.07, 0.06, 0.06, 0.07, 0.10, 0.13, 0.16, 0.15, 0.41, 0.47]
Event Rate: [0.38, 0.15, 0.08, 0.07, 0.07, 0.08, 0.11, 0.14, 0.17, 0.16, 0.46, 0.46]
Event Rate: [0.44, 0.18, 0.10, 0.08, 0.08, 0.09, 0.13, 0.16, 0.19, 0.19, 0.45, 0.46]
Event Rate: [0.44, 0.17, 0.09, 0.08, 0.08, 0.09, 0.12, 0.16, 0.18, 0.18, 0.47, 0.46]
Event Rate: [0.40, 0.16, 0.09, 0.08, 0.08, 0.09, 0.12, 0.15, 0.18, 0.17, 0.41, 0.46]
Event Rate: [0.45, 0.17, 0.09, 0.07, 0.08, 0.09, 0.12, 0.16, 0.19, 0.18, 0.46, 0.46]
Event Rate: [0.38, 0.15, 0.08, 0.07, 0.07, 0.08, 0.11, 0.15, 0.17, 0.17, 0.43, 0.46]
Event Rate: [0.31, 0.12, 0.06, 0.05, 0.06, 0.06, 0.09, 0.11, 0.13, 0.13, 0.40, 0.46]
Event Rate: [0.39, 0.16, 0.08, 0.07, 0.07, 0.08, 0.11, 0.14, 0.17, 0.17, 0.43, 0.46]
Event Rate: [0.33, 0.13, 0.07, 0.06, 0.06, 0.07, 0.10, 0.12, 0.14, 0.14, 0.39, 0.47]
Event Rate: [0.40, 0.16, 0.09, 0.07, 0.07, 0.08, 0.11, 0.15, 0.17, 0.17, 0.45, 0.46]
Event Rate: [0.41, 0.17, 0.09, 0.08, 0.08, 0.09, 0.12, 0.15, 0.18, 0.17, 0.44, 0.47]
Event Rate: [0.36, 0.15, 0.08, 0.07, 0.07, 0.08, 0.11, 0.14, 0.17, 0.17, 0.44, 0.47]
Event Rate: [0.44, 0.18, 0.10, 0.09, 0.09, 0.10, 0.13, 0.17, 0.20, 0.19, 0.46, 0.46]
Event Rate: [0.41, 0.16, 0.09, 0.07, 0.08, 0.09, 0.12, 0.16, 0.18, 0.18, 0.44, 0.47]
Event Rate: [0.35, 0.14, 0.08, 0.07, 0.07, 0.08, 0.11, 0.13, 0.15, 0.15, 0.43, 0.47]
Event Rate: [0.39, 0.16, 0.08, 0.07, 0.07, 0.08, 0.11, 0.14, 0.16, 0.16, 0.41, 0.47]
Event Rate: [0.37, 0.15, 0.08, 0.07, 0.07, 0.08, 0.11, 0.14, 0.16, 0.16, 0.42, 0.46]
Event Rate: [0.27, 0.10, 0.06, 0.05, 0.05, 0.05, 0.07, 0.09, 0.11, 0.11, 0.35, 0.46]
Event Rate: [0.37, 0.14, 0.07, 0.06, 0.07, 0.08, 0.11, 0.14, 0.16, 0.16, 0.44, 0.46]
Event Rate: [0.48, 0.20, 0.11, 0.09, 0.09, 0.11, 0.14, 0.18, 0.21, 0.21, 0.46, 0.46]
Event Rate: [0.27, 0.10, 0.05, 0.04, 0.05, 0.05, 0.08, 0.10, 0.12, 0.12, 0.39, 0.46]
Event Rate: [0.41, 0.16, 0.08, 0.06, 0.06, 0.07, 0.11, 0.14, 0.16, 0.16, 0.45, 0.47]
Event Rate: [0.38, 0.15, 0.08, 0.07, 0.07, 0.08, 0.11, 0.14, 0.16, 0.16, 0.42, 0.47]
Event Rate: [0.44, 0.17, 0.09, 0.08, 0.08, 0.09, 0.12, 0.15, 0.18, 0.18, 0.46, 0.47]
Event Rate: [0.35, 0.14, 0.08, 0.07, 0.07, 0.08, 0.11, 0.13, 0.16, 0.15, 0.42, 0.46]
Event Rate: [0.38, 0.15, 0.08, 0.07, 0.07, 0.08, 0.12, 0.15, 0.17, 0.17, 0.45, 0.47]
Event Rate: [0.40, 0.16, 0.09, 0.07, 0.07, 0.08, 0.11, 0.14, 0.17, 0.17, 0.46, 0.46]
Event Rate: [0.33, 0.12, 0.06, 0.05, 0.05, 0.06, 0.09, 0.11, 0.13, 0.13, 0.41, 0.46]
Event Rate: [0.42, 0.17, 0.10, 0.08, 0.08, 0.09, 0.13, 0.16, 0.18, 0.18, 0.42, 0.46]
Event Rate: [0.37, 0.15, 0.08, 0.07, 0.07, 0.09, 0.12, 0.15, 0.17, 0.16, 0.42, 0.46]
Event Rate: [0.42, 0.17, 0.09, 0.08, 0.08, 0.10, 0.13, 0.16, 0.19, 0.18, 0.43, 0.46]
Event Rate: [0.32, 0.12, 0.07, 0.06, 0.06, 0.07, 0.10, 0.13, 0.15, 0.15, 0.39, 0.47]
Event Rate: [0.46, 0.20, 0.11, 0.09, 0.09, 0.10, 0.14, 0.18, 0.21, 0.20, 0.46, 0.46]
Event Rate: [0.38, 0.15, 0.08, 0.06, 0.07, 0.08, 0.11, 0.13, 0.16, 0.15, 0.43, 0.47]
Event Rate: [0.49, 0.20, 0.11, 0.10, 0.10, 0.11, 0.15, 0.18, 0.21, 0.21, 0.46, 0.46]
Event Rate: [0.43, 0.18, 0.10, 0.08, 0.09, 0.10, 0.13, 0.17, 0.19, 0.19, 0.44, 0.47]
Event Rate: [0.40, 0.16, 0.08, 0.07, 0.07, 0.08, 0.11, 0.14, 0.16, 0.16, 0.44, 0.47]
Event Rate: [0.45, 0.18, 0.10, 0.08, 0.09, 0.10, 0.13, 0.17, 0.20, 0.19, 0.46, 0.46]
Event Rate: [0.47, 0.19, 0.10, 0.09, 0.09, 0.11, 0.14, 0.17, 0.20, 0.19, 0.45, 0.47]
Event Rate: [0.41, 0.17, 0.09, 0.08, 0.08, 0.09, 0.13, 0.16, 0.18, 0.18, 0.43, 0.46]
Event Rate: [0.39, 0.16, 0.09, 0.08, 0.08, 0.09, 0.12, 0.15, 0.17, 0.17, 0.42, 0.47]
Event Rate: [0.37, 0.17, 0.10, 0.08, 0.08, 0.09, 0.12, 0.15, 0.17, 0.16, 0.38, 0.46]
Event Rate: [0.38, 0.15, 0.08, 0.07, 0.07, 0.08, 0.12, 0.14, 0.17, 0.17, 0.42, 0.47]
Event Rate: [0.43, 0.18, 0.10, 0.08, 0.08, 0.10, 0.13, 0.16, 0.19, 0.19, 0.46, 0.46]
Event Rate: [0.40, 0.16, 0.08, 0.07, 0.07, 0.08, 0.12, 0.15, 0.17, 0.17, 0.45, 0.47]
Event Rate: [0.37, 0.14, 0.08, 0.07, 0.07, 0.08, 0.11, 0.14, 0.16, 0.16, 0.41, 0.46]
Event Rate: [0.35, 0.13, 0.07, 0.06, 0.06, 0.07, 0.10, 0.13, 0.16, 0.15, 0.44, 0.47]
Event Rate: [0.46, 0.18, 0.10, 0.08, 0.09, 0.10, 0.13, 0.17, 0.19, 0.19, 0.46, 0.47]
Event Rate: [0.34, 0.15, 0.08, 0.07, 0.07, 0.08, 0.10, 0.13, 0.15, 0.14, 0.37, 0.46]
Event Rate: [0.38, 0.15, 0.08, 0.07, 0.07, 0.08, 0.11, 0.14, 0.16, 0.16, 0.45, 0.46]
Event Rate: [0.43, 0.17, 0.10, 0.08, 0.09, 0.10, 0.13, 0.17, 0.19, 0.19, 0.45, 0.46]
Event Rate: [0.39, 0.16, 0.09, 0.08, 0.08, 0.09, 0.12, 0.15, 0.18, 0.17, 0.44, 0.46]
Event Rate: [0.30, 0.11, 0.06, 0.05, 0.05, 0.06, 0.08, 0.11, 0.13, 0.12, 0.37, 0.46]
Event Rate: [0.30, 0.11, 0.06, 0.05, 0.05, 0.06, 0.09, 0.11, 0.13, 0.13, 0.38, 0.47]
Event Rate: [0.43, 0.18, 0.09, 0.08, 0.08, 0.10, 0.13, 0.17, 0.19, 0.19, 0.45, 0.47]
Event Rate: [0.44, 0.17, 0.09, 0.08, 0.08, 0.09, 0.13, 0.16, 0.19, 0.19, 0.46, 0.47]
Event Rate: [0.43, 0.17, 0.10, 0.08, 0.08, 0.10, 0.13, 0.16, 0.19, 0.19, 0.45, 0.47]
Event Rate: [0.42, 0.16, 0.08, 0.07, 0.07, 0.08, 0.12, 0.15, 0.17, 0.17, 0.45, 0.47]
Event Rate: [0.43, 0.17, 0.09, 0.08, 0.08, 0.10, 0.13, 0.17, 0.19, 0.19, 0.45, 0.47]
Event Rate: [0.41, 0.16, 0.09, 0.08, 0.08, 0.09, 0.13, 0.16, 0.19, 0.18, 0.45, 0.47]
Event Rate: [0.41, 0.16, 0.09, 0.07, 0.08, 0.09, 0.12, 0.15, 0.17, 0.17, 0.44, 0.47]
Event Rate: [0.32, 0.13, 0.07, 0.06, 0.06, 0.07, 0.10, 0.12, 0.14, 0.14, 0.40, 0.47]
Event Rate: [0.38, 0.16, 0.09, 0.07, 0.07, 0.08, 0.12, 0.15, 0.17, 0.17, 0.42, 0.47]
Event Rate: [0.42, 0.16, 0.08, 0.07, 0.07, 0.08, 0.12, 0.15, 0.17, 0.17, 0.45, 0.47]
Event Rate: [0.34, 0.13, 0.07, 0.05, 0.06, 0.06, 0.09, 0.12, 0.14, 0.14, 0.44, 0.47]
Event Rate: [0.35, 0.13, 0.07, 0.06, 0.06, 0.07, 0.10, 0.13, 0.15, 0.15, 0.38, 0.47]
Event Rate: [0.35, 0.13, 0.07, 0.06, 0.06, 0.07, 0.10, 0.13, 0.15, 0.15, 0.41, 0.46]
Event Rate: [0.42, 0.17, 0.10, 0.08, 0.08, 0.09, 0.13, 0.16, 0.19, 0.18, 0.44, 0.47]
Event Rate: [0.38, 0.15, 0.09, 0.07, 0.07, 0.09, 0.12, 0.15, 0.17, 0.17, 0.44, 0.47]
Event Rate: [0.44, 0.17, 0.09, 0.08, 0.08, 0.10, 0.13, 0.17, 0.19, 0.19, 0.46, 0.46]
Event Rate: [0.34, 0.13, 0.07, 0.06, 0.06, 0.07, 0.10, 0.13, 0.15, 0.15, 0.41, 0.46]
Event Rate: [0.33, 0.13, 0.07, 0.05, 0.06, 0.07, 0.09, 0.12, 0.14, 0.14, 0.42, 0.46]
Event Rate: [0.32, 0.12, 0.07, 0.05, 0.06, 0.06, 0.09, 0.11, 0.13, 0.13, 0.39, 0.46]
Event Rate: [0.40, 0.16, 0.09, 0.08, 0.08, 0.09, 0.12, 0.15, 0.18, 0.17, 0.42, 0.46]
Event Rate: [0.44, 0.17, 0.10, 0.08, 0.09, 0.10, 0.14, 0.17, 0.19, 0.19, 0.45, 0.46]
Event Rate: [0.42, 0.17, 0.09, 0.08, 0.08, 0.09, 0.13, 0.16, 0.18, 0.18, 0.46, 0.46]
Event Rate: [0.41, 0.17, 0.09, 0.07, 0.07, 0.09, 0.12, 0.15, 0.18, 0.18, 0.44, 0.46]
Event Rate: [0.33, 0.13, 0.07, 0.06, 0.07, 0.07, 0.10, 0.13, 0.15, 0.15, 0.41, 0.46]
Event Rate: [0.42, 0.17, 0.09, 0.08, 0.08, 0.09, 0.13, 0.16, 0.18, 0.18, 0.44, 0.46]
Event Rate: [0.36, 0.14, 0.07, 0.06, 0.06, 0.07, 0.10, 0.13, 0.15, 0.15, 0.41, 0.46]
Event Rate: [0.30, 0.11, 0.06, 0.05, 0.06, 0.07, 0.09, 0.12, 0.14, 0.14, 0.41, 0.46]
Event Rate: [0.42, 0.16, 0.08, 0.07, 0.07, 0.09, 0.12, 0.15, 0.18, 0.18, 0.45, 0.46]
Event Rate: [0.36, 0.14, 0.08, 0.07, 0.07, 0.08, 0.11, 0.14, 0.16, 0.15, 0.40, 0.46]
Event Rate: [0.33, 0.13, 0.07, 0.06, 0.06, 0.07, 0.10, 0.12, 0.14, 0.14, 0.39, 0.46]
Event Rate: [0.32, 0.13, 0.07, 0.06, 0.06, 0.07, 0.09, 0.12, 0.14, 0.13, 0.39, 0.46]
Event Rate: [0.35, 0.14, 0.08, 0.07, 0.07, 0.08, 0.11, 0.14, 0.17, 0.16, 0.44, 0.46]
Event Rate: [0.44, 0.18, 0.10, 0.08, 0.09, 0.10, 0.13, 0.16, 0.19, 0.18, 0.45, 0.46]
Event Rate: [0.40, 0.16, 0.09, 0.08, 0.08, 0.09, 0.13, 0.16, 0.18, 0.18, 0.45, 0.46]
Event Rate: [0.37, 0.14, 0.08, 0.07, 0.07, 0.08, 0.11, 0.14, 0.16, 0.15, 0.38, 0.47]
Event Rate: [0.41, 0.17, 0.09, 0.08, 0.09, 0.10, 0.13, 0.16, 0.19, 0.18, 0.40, 0.47]
Event Rate: [0.43, 0.17, 0.09, 0.08, 0.08, 0.10, 0.13, 0.16, 0.18, 0.18, 0.40, 0.47]
Event Rate: [0.43, 0.18, 0.09, 0.08, 0.09, 0.10, 0.14, 0.17, 0.20, 0.20, 0.45, 0.47]
Event Rate: [0.43, 0.16, 0.09, 0.07, 0.07, 0.08, 0.12, 0.15, 0.17, 0.17, 0.44, 0.46]
Event Rate: [0.37, 0.15, 0.08, 0.07, 0.07, 0.08, 0.11, 0.14, 0.16, 0.16, 0.43, 0.46]
Event Rate: [0.37, 0.15, 0.08, 0.08, 0.08, 0.09, 0.13, 0.16, 0.18, 0.17, 0.43, 0.47]
Event Rate: [0.40, 0.17, 0.09, 0.08, 0.08, 0.10, 0.13, 0.16, 0.19, 0.18, 0.43, 0.46]
Event Rate: [0.43, 0.18, 0.10, 0.08, 0.09, 0.10, 0.14, 0.17, 0.20, 0.19, 0.45, 0.46]
Event Rate: [0.40, 0.16, 0.09, 0.07, 0.08, 0.09, 0.12, 0.15, 0.18, 0.17, 0.44, 0.46]
Event Rate: [0.48, 0.20, 0.11, 0.09, 0.10, 0.11, 0.15, 0.19, 0.21, 0.21, 0.46, 0.47]
Event Rate: [0.41, 0.16, 0.08, 0.07, 0.07, 0.09, 0.12, 0.15, 0.18, 0.18, 0.45, 0.47]
Event Rate: [0.42, 0.17, 0.09, 0.08, 0.08, 0.09, 0.13, 0.16, 0.19, 0.18, 0.46, 0.47]
Event Rate: [0.47, 0.19, 0.10, 0.09, 0.09, 0.10, 0.14, 0.18, 0.20, 0.20, 0.45, 0.47]
Event Rate: [0.45, 0.19, 0.10, 0.09, 0.09, 0.11, 0.15, 0.18, 0.21, 0.20, 0.45, 0.47]
Event Rate: [0.24, 0.09, 0.05, 0.04, 0.05, 0.06, 0.08, 0.10, 0.12, 0.12, 0.33, 0.47]
Event Rate: [0.45, 0.18, 0.10, 0.09, 0.10, 0.11, 0.15, 0.18, 0.21, 0.20, 0.45, 0.47]
Event Rate: [0.40, 0.16, 0.09, 0.08, 0.08, 0.10, 0.13, 0.17, 0.19, 0.19, 0.42, 0.46]
Event Rate: [0.35, 0.14, 0.07, 0.06, 0.07, 0.08, 0.11, 0.13, 0.16, 0.15, 0.38, 0.46]
Event Rate: [0.45, 0.17, 0.09, 0.08, 0.08, 0.10, 0.13, 0.17, 0.20, 0.19, 0.45, 0.46]
Event Rate: [0.40, 0.15, 0.08, 0.07, 0.07, 0.08, 0.11, 0.14, 0.16, 0.16, 0.45, 0.46]
Event Rate: [0.34, 0.13, 0.07, 0.06, 0.07, 0.08, 0.11, 0.13, 0.16, 0.15, 0.41, 0.46]
Event Rate: [0.42, 0.16, 0.09, 0.07, 0.08, 0.09, 0.13, 0.16, 0.19, 0.19, 0.45, 0.46]
Event Rate: [0.36, 0.14, 0.08, 0.07, 0.07, 0.09, 0.12, 0.14, 0.17, 0.16, 0.41, 0.46]
Event Rate: [0.47, 0.18, 0.10, 0.09, 0.09, 0.11, 0.15, 0.18, 0.21, 0.21, 0.46, 0.46]
Event Rate: [0.36, 0.14, 0.07, 0.06, 0.07, 0.08, 0.11, 0.14, 0.16, 0.16, 0.42, 0.46]
Event Rate: [0.41, 0.15, 0.08, 0.07, 0.07, 0.08, 0.11, 0.14, 0.16, 0.16, 0.40, 0.46]
Event Rate: [0.34, 0.13, 0.07, 0.06, 0.06, 0.07, 0.10, 0.13, 0.16, 0.16, 0.40, 0.46]
Event Rate: [0.40, 0.17, 0.09, 0.08, 0.08, 0.10, 0.13, 0.16, 0.18, 0.18, 0.43, 0.45]
Event Rate: [0.27, 0.10, 0.06, 0.05, 0.05, 0.06, 0.08, 0.11, 0.12, 0.12, 0.36, 0.45]
Event Rate: [0.41, 0.17, 0.10, 0.08, 0.09, 0.10, 0.14, 0.17, 0.19, 0.18, 0.45, 0.45]
Event Rate: [0.40, 0.16, 0.09, 0.08, 0.08, 0.09, 0.12, 0.15, 0.18, 0.18, 0.45, 0.45]
Event Rate: [0.39, 0.15, 0.08, 0.07, 0.08, 0.09, 0.12, 0.15, 0.18, 0.17, 0.45, 0.46]
Event Rate: [0.42, 0.17, 0.09, 0.08, 0.09, 0.10, 0.14, 0.17, 0.20, 0.19, 0.46, 0.46]
Event Rate: [0.37, 0.15, 0.08, 0.07, 0.08, 0.09, 0.12, 0.15, 0.18, 0.17, 0.41, 0.46]
Event Rate: [0.38, 0.15, 0.08, 0.07, 0.08, 0.09, 0.12, 0.15, 0.17, 0.17, 0.45, 0.46]
Event Rate: [0.37, 0.14, 0.08, 0.07, 0.07, 0.08, 0.11, 0.14, 0.17, 0.16, 0.45, 0.46]
Event Rate: [0.36, 0.14, 0.08, 0.07, 0.07, 0.08, 0.11, 0.13, 0.15, 0.14, 0.41, 0.46]
Event Rate: [0.32, 0.11, 0.06, 0.05, 0.05, 0.06, 0.09, 0.11, 0.13, 0.13, 0.39, 0.46]
Event Rate: [0.38, 0.15, 0.08, 0.07, 0.07, 0.08, 0.11, 0.15, 0.17, 0.17, 0.43, 0.46]
Event Rate: [0.42, 0.17, 0.09, 0.08, 0.09, 0.10, 0.14, 0.17, 0.20, 0.19, 0.46, 0.46]
Event Rate: [0.36, 0.14, 0.08, 0.07, 0.07, 0.09, 0.12, 0.15, 0.17, 0.16, 0.45, 0.46]
Event Rate: [0.39, 0.15, 0.09, 0.07, 0.07, 0.09, 0.12, 0.15, 0.17, 0.17, 0.39, 0.46]
Event Rate: [0.39, 0.16, 0.10, 0.09, 0.09, 0.10, 0.14, 0.17, 0.19, 0.18, 0.43, 0.46]
Event Rate: [0.42, 0.17, 0.09, 0.08, 0.09, 0.10, 0.14, 0.18, 0.21, 0.20, 0.44, 0.47]
Event Rate: [0.39, 0.15, 0.09, 0.08, 0.08, 0.10, 0.13, 0.16, 0.19, 0.18, 0.44, 0.47]
Event Rate: [0.44, 0.17, 0.10, 0.09, 0.09, 0.11, 0.14, 0.18, 0.20, 0.20, 0.44, 0.47]
Event Rate: [0.46, 0.19, 0.11, 0.09, 0.10, 0.11, 0.16, 0.19, 0.22, 0.22, 0.44, 0.46]
Event Rate: [0.39, 0.15, 0.08, 0.07, 0.07, 0.09, 0.12, 0.15, 0.18, 0.17, 0.42, 0.46]
Event Rate: [0.42, 0.16, 0.09, 0.08, 0.09, 0.10, 0.14, 0.18, 0.20, 0.20, 0.45, 0.46]
Event Rate: [0.38, 0.15, 0.09, 0.08, 0.08, 0.10, 0.13, 0.17, 0.19, 0.19, 0.45, 0.46]
Event Rate: [0.40, 0.16, 0.09, 0.09, 0.09, 0.10, 0.14, 0.17, 0.19, 0.19, 0.42, 0.46]
Event Rate: [0.45, 0.18, 0.10, 0.09, 0.09, 0.11, 0.15, 0.18, 0.21, 0.21, 0.45, 0.46]
Event Rate: [0.43, 0.18, 0.11, 0.10, 0.10, 0.11, 0.15, 0.18, 0.21, 0.20, 0.43, 0.46]
Event Rate: [0.34, 0.13, 0.07, 0.07, 0.08, 0.09, 0.12, 0.14, 0.16, 0.16, 0.38, 0.46]
Event Rate: [0.41, 0.16, 0.09, 0.08, 0.08, 0.10, 0.13, 0.16, 0.19, 0.19, 0.45, 0.46]
Event Rate: [0.35, 0.13, 0.08, 0.07, 0.08, 0.09, 0.12, 0.15, 0.17, 0.16, 0.40, 0.46]
Event Rate: [0.40, 0.15, 0.08, 0.07, 0.07, 0.09, 0.12, 0.15, 0.18, 0.18, 0.41, 0.46]
Event Rate: [0.39, 0.15, 0.09, 0.08, 0.09, 0.10, 0.13, 0.17, 0.19, 0.19, 0.45, 0.46]
Event Rate: [0.40, 0.15, 0.08, 0.07, 0.07, 0.09, 0.12, 0.15, 0.17, 0.17, 0.42, 0.46]
Event Rate: [0.43, 0.18, 0.11, 0.10, 0.10, 0.11, 0.15, 0.19, 0.21, 0.20, 0.42, 0.46]
Event Rate: [0.43, 0.16, 0.09, 0.08, 0.09, 0.11, 0.14, 0.18, 0.21, 0.20, 0.45, 0.46]
Event Rate: [0.46, 0.18, 0.10, 0.09, 0.09, 0.10, 0.14, 0.17, 0.21, 0.20, 0.45, 0.46]
Event Rate: [0.36, 0.14, 0.08, 0.07, 0.07, 0.08, 0.12, 0.14, 0.16, 0.16, 0.38, 0.46]
Event Rate: [0.40, 0.15, 0.09, 0.08, 0.08, 0.09, 0.13, 0.16, 0.19, 0.18, 0.45, 0.46]
Event Rate: [0.42, 0.17, 0.09, 0.08, 0.08, 0.10, 0.13, 0.16, 0.19, 0.18, 0.42, 0.46]
Event Rate: [0.43, 0.18, 0.11, 0.09, 0.10, 0.11, 0.15, 0.18, 0.21, 0.20, 0.40, 0.46]
Event Rate: [0.37, 0.14, 0.08, 0.08, 0.08, 0.09, 0.12, 0.15, 0.17, 0.17, 0.41, 0.47]
Event Rate: [0.38, 0.15, 0.09, 0.08, 0.09, 0.10, 0.14, 0.17, 0.19, 0.19, 0.44, 0.46]
Event Rate: [0.28, 0.10, 0.05, 0.05, 0.06, 0.07, 0.10, 0.12, 0.14, 0.14, 0.36, 0.46]
Event Rate: [0.39, 0.15, 0.08, 0.08, 0.08, 0.10, 0.13, 0.16, 0.19, 0.18, 0.41, 0.46]
Event Rate: [0.39, 0.15, 0.09, 0.08, 0.08, 0.10, 0.13, 0.16, 0.19, 0.18, 0.45, 0.46]
Event Rate: [0.27, 0.10, 0.06, 0.05, 0.05, 0.06, 0.09, 0.11, 0.13, 0.13, 0.38, 0.46]
Event Rate: [0.35, 0.13, 0.08, 0.07, 0.07, 0.09, 0.12, 0.14, 0.17, 0.16, 0.39, 0.46]
Event Rate: [0.36, 0.15, 0.08, 0.08, 0.08, 0.09, 0.13, 0.16, 0.18, 0.18, 0.42, 0.46]
Event Rate: [0.45, 0.18, 0.11, 0.09, 0.10, 0.11, 0.14, 0.17, 0.20, 0.19, 0.42, 0.46]
Event Rate: [0.38, 0.14, 0.08, 0.07, 0.08, 0.09, 0.13, 0.16, 0.18, 0.17, 0.44, 0.47]
Event Rate: [0.31, 0.12, 0.07, 0.07, 0.07, 0.08, 0.11, 0.13, 0.15, 0.15, 0.39, 0.46]
Event Rate: [0.41, 0.17, 0.10, 0.08, 0.09, 0.10, 0.14, 0.17, 0.19, 0.19, 0.41, 0.46]
Event Rate: [0.46, 0.20, 0.11, 0.10, 0.10, 0.12, 0.16, 0.19, 0.22, 0.21, 0.45, 0.46]
Event Rate: [0.39, 0.16, 0.09, 0.08, 0.09, 0.10, 0.13, 0.16, 0.19, 0.18, 0.45, 0.46]
Event Rate: [0.41, 0.16, 0.08, 0.07, 0.07, 0.09, 0.12, 0.15, 0.18, 0.17, 0.44, 0.46]
Event Rate: [0.43, 0.17, 0.10, 0.09, 0.09, 0.10, 0.14, 0.17, 0.20, 0.19, 0.44, 0.46]
Event Rate: [0.33, 0.13, 0.07, 0.06, 0.07, 0.08, 0.11, 0.13, 0.16, 0.15, 0.41, 0.46]
Event Rate: [0.34, 0.12, 0.07, 0.06, 0.06, 0.07, 0.11, 0.13, 0.16, 0.15, 0.42, 0.46]
Event Rate: [0.36, 0.14, 0.08, 0.07, 0.08, 0.09, 0.12, 0.15, 0.17, 0.17, 0.45, 0.46]
Event Rate: [0.29, 0.11, 0.06, 0.05, 0.06, 0.07, 0.09, 0.11, 0.13, 0.13, 0.37, 0.46]
Event Rate: [0.39, 0.15, 0.08, 0.07, 0.07, 0.08, 0.12, 0.15, 0.17, 0.17, 0.42, 0.46]
Event Rate: [0.38, 0.14, 0.08, 0.07, 0.08, 0.09, 0.12, 0.15, 0.18, 0.17, 0.43, 0.46]
Event Rate: [0.37, 0.14, 0.08, 0.07, 0.08, 0.09, 0.12, 0.15, 0.18, 0.18, 0.43, 0.47]
Event Rate: [0.40, 0.16, 0.09, 0.08, 0.08, 0.10, 0.13, 0.16, 0.19, 0.18, 0.44, 0.46]
Event Rate: [0.38, 0.15, 0.08, 0.07, 0.08, 0.09, 0.12, 0.16, 0.18, 0.18, 0.40, 0.46]
Event Rate: [0.33, 0.12, 0.07, 0.07, 0.07, 0.08, 0.11, 0.14, 0.17, 0.16, 0.41, 0.46]
Event Rate: [0.41, 0.17, 0.09, 0.09, 0.09, 0.11, 0.15, 0.18, 0.20, 0.20, 0.43, 0.46]
Event Rate: [0.34, 0.14, 0.08, 0.07, 0.07, 0.09, 0.12, 0.15, 0.18, 0.17, 0.43, 0.45]
Event Rate: [0.47, 0.20, 0.11, 0.10, 0.10, 0.12, 0.16, 0.19, 0.22, 0.21, 0.45, 0.45]
Event Rate: [0.32, 0.12, 0.07, 0.06, 0.07, 0.08, 0.11, 0.13, 0.15, 0.15, 0.37, 0.45]
Event Rate: [0.52, 0.22, 0.13, 0.11, 0.11, 0.13, 0.17, 0.21, 0.24, 0.23, 0.45, 0.45]
Event Rate: [0.39, 0.14, 0.08, 0.07, 0.07, 0.09, 0.12, 0.15, 0.18, 0.18, 0.43, 0.45]
Event Rate: [0.31, 0.12, 0.07, 0.06, 0.06, 0.07, 0.10, 0.13, 0.15, 0.14, 0.36, 0.44]
Event Rate: [0.31, 0.12, 0.07, 0.06, 0.07, 0.08, 0.11, 0.13, 0.15, 0.15, 0.36, 0.44]
Event Rate: [0.42, 0.16, 0.09, 0.08, 0.09, 0.10, 0.14, 0.17, 0.20, 0.19, 0.45, 0.45]
Event Rate: [0.35, 0.14, 0.08, 0.07, 0.08, 0.09, 0.12, 0.15, 0.18, 0.17, 0.44, 0.44]
Event Rate: [0.36, 0.13, 0.08, 0.07, 0.08, 0.09, 0.13, 0.15, 0.18, 0.17, 0.43, 0.44]
Event Rate: [0.44, 0.17, 0.10, 0.09, 0.09, 0.11, 0.15, 0.18, 0.22, 0.21, 0.45, 0.44]
Event Rate: [0.41, 0.16, 0.09, 0.08, 0.08, 0.09, 0.13, 0.16, 0.19, 0.19, 0.46, 0.45]
Event Rate: [0.35, 0.14, 0.08, 0.07, 0.08, 0.09, 0.12, 0.15, 0.18, 0.17, 0.44, 0.45]
Event Rate: [0.37, 0.14, 0.08, 0.07, 0.08, 0.09, 0.13, 0.16, 0.19, 0.18, 0.45, 0.45]
Event Rate: [0.38, 0.15, 0.09, 0.08, 0.08, 0.10, 0.13, 0.16, 0.19, 0.19, 0.41, 0.45]
Event Rate: [0.44, 0.18, 0.11, 0.09, 0.10, 0.11, 0.16, 0.19, 0.22, 0.21, 0.44, 0.45]
Event Rate: [0.44, 0.17, 0.09, 0.08, 0.09, 0.10, 0.14, 0.17, 0.21, 0.20, 0.46, 0.45]
Event Rate: [0.35, 0.13, 0.07, 0.06, 0.06, 0.07, 0.10, 0.13, 0.16, 0.15, 0.43, 0.45]
Event Rate: [0.44, 0.17, 0.10, 0.09, 0.09, 0.10, 0.14, 0.17, 0.20, 0.20, 0.45, 0.46]
Event Rate: [0.44, 0.17, 0.10, 0.09, 0.09, 0.10, 0.14, 0.17, 0.20, 0.19, 0.44, 0.45]
Event Rate: [0.28, 0.10, 0.06, 0.05, 0.05, 0.06, 0.09, 0.12, 0.14, 0.13, 0.40, 0.45]
Event Rate: [0.38, 0.15, 0.09, 0.08, 0.08, 0.09, 0.13, 0.16, 0.19, 0.18, 0.42, 0.45]
Event Rate: [0.34, 0.13, 0.07, 0.07, 0.07, 0.08, 0.11, 0.14, 0.17, 0.16, 0.39, 0.45]
Event Rate: [0.44, 0.18, 0.11, 0.10, 0.10, 0.12, 0.16, 0.19, 0.22, 0.21, 0.44, 0.45]
Event Rate: [0.34, 0.13, 0.07, 0.07, 0.07, 0.08, 0.12, 0.14, 0.17, 0.16, 0.40, 0.46]
Event Rate: [0.39, 0.14, 0.08, 0.07, 0.08, 0.09, 0.12, 0.15, 0.18, 0.17, 0.42, 0.46]
Event Rate: [0.39, 0.15, 0.09, 0.08, 0.09, 0.10, 0.13, 0.16, 0.19, 0.18, 0.43, 0.46]
Event Rate: [0.37, 0.14, 0.08, 0.07, 0.08, 0.09, 0.12, 0.15, 0.18, 0.17, 0.42, 0.46]
Event Rate: [0.41, 0.15, 0.09, 0.08, 0.08, 0.09, 0.13, 0.16, 0.19, 0.18, 0.45, 0.46]
Event Rate: [0.39, 0.15, 0.09, 0.08, 0.09, 0.10, 0.14, 0.17, 0.19, 0.19, 0.43, 0.46]
Event Rate: [0.37, 0.15, 0.09, 0.08, 0.08, 0.09, 0.13, 0.16, 0.19, 0.18, 0.43, 0.46]
Event Rate: [0.41, 0.16, 0.10, 0.09, 0.09, 0.10, 0.14, 0.18, 0.21, 0.20, 0.45, 0.46]
Event Rate: [0.43, 0.17, 0.10, 0.09, 0.10, 0.11, 0.15, 0.18, 0.21, 0.21, 0.45, 0.46]
Event Rate: [0.43, 0.17, 0.10, 0.09, 0.09, 0.10, 0.14, 0.17, 0.20, 0.20, 0.46, 0.45]
Event Rate: [0.34, 0.13, 0.07, 0.07, 0.07, 0.08, 0.11, 0.14, 0.16, 0.16, 0.38, 0.46]
Event Rate: [0.34, 0.14, 0.08, 0.08, 0.08, 0.09, 0.12, 0.15, 0.17, 0.17, 0.40, 0.46]
Event Rate: [0.37, 0.14, 0.08, 0.08, 0.08, 0.09, 0.12, 0.15, 0.18, 0.17, 0.46, 0.46]
Event Rate: [0.44, 0.18, 0.10, 0.09, 0.10, 0.11, 0.15, 0.18, 0.21, 0.21, 0.44, 0.46]
Event Rate: [0.39, 0.15, 0.08, 0.08, 0.08, 0.09, 0.13, 0.16, 0.18, 0.18, 0.43, 0.46]
Event Rate: [0.32, 0.12, 0.07, 0.07, 0.07, 0.07, 0.10, 0.13, 0.15, 0.15, 0.38, 0.45]
Event Rate: [0.35, 0.14, 0.08, 0.08, 0.08, 0.09, 0.13, 0.15, 0.18, 0.17, 0.36, 0.46]
Event Rate: [0.40, 0.17, 0.10, 0.09, 0.09, 0.11, 0.15, 0.18, 0.21, 0.20, 0.43, 0.46]
Event Rate: [0.35, 0.14, 0.08, 0.07, 0.07, 0.08, 0.12, 0.14, 0.17, 0.16, 0.42, 0.46]
Event Rate: [0.42, 0.17, 0.10, 0.09, 0.09, 0.10, 0.14, 0.17, 0.20, 0.20, 0.45, 0.45]
Event Rate: [0.44, 0.17, 0.10, 0.09, 0.09, 0.10, 0.14, 0.16, 0.19, 0.19, 0.45, 0.45]
Event Rate: [0.45, 0.18, 0.11, 0.10, 0.10, 0.11, 0.15, 0.18, 0.22, 0.21, 0.45, 0.45]
Event Rate: [0.35, 0.14, 0.08, 0.08, 0.08, 0.09, 0.12, 0.15, 0.17, 0.17, 0.40, 0.45]
Event Rate: [0.32, 0.13, 0.08, 0.07, 0.07, 0.08, 0.11, 0.13, 0.15, 0.14, 0.34, 0.45]
Event Rate: [0.44, 0.18, 0.11, 0.10, 0.10, 0.11, 0.16, 0.19, 0.22, 0.22, 0.45, 0.45]
Event Rate: [0.39, 0.15, 0.09, 0.08, 0.08, 0.09, 0.13, 0.16, 0.19, 0.19, 0.44, 0.45]
Event Rate: [0.40, 0.17, 0.10, 0.10, 0.10, 0.11, 0.15, 0.18, 0.21, 0.21, 0.42, 0.45]
Event Rate: [0.38, 0.15, 0.09, 0.08, 0.08, 0.09, 0.13, 0.15, 0.18, 0.18, 0.40, 0.44]
Event Rate: [0.45, 0.18, 0.10, 0.10, 0.10, 0.11, 0.16, 0.19, 0.22, 0.22, 0.43, 0.45]
Event Rate: [0.35, 0.13, 0.08, 0.07, 0.07, 0.08, 0.12, 0.15, 0.18, 0.17, 0.44, 0.45]
Event Rate: [0.44, 0.18, 0.11, 0.10, 0.10, 0.11, 0.16, 0.19, 0.22, 0.22, 0.43, 0.45]
Event Rate: [0.36, 0.14, 0.08, 0.08, 0.08, 0.09, 0.13, 0.16, 0.19, 0.18, 0.43, 0.45]
Event Rate: [0.35, 0.14, 0.09, 0.08, 0.08, 0.09, 0.13, 0.15, 0.18, 0.17, 0.40, 0.45]
Event Rate: [0.38, 0.16, 0.09, 0.08, 0.08, 0.09, 0.13, 0.16, 0.19, 0.19, 0.44, 0.44]
Event Rate: [0.44, 0.18, 0.10, 0.09, 0.09, 0.10, 0.14, 0.17, 0.20, 0.20, 0.45, 0.44]
Event Rate: [0.35, 0.13, 0.08, 0.07, 0.07, 0.07, 0.11, 0.13, 0.16, 0.15, 0.40, 0.44]
Event Rate: [0.37, 0.14, 0.08, 0.08, 0.07, 0.08, 0.12, 0.15, 0.18, 0.18, 0.43, 0.45]
Event Rate: [0.28, 0.11, 0.06, 0.06, 0.05, 0.06, 0.09, 0.11, 0.13, 0.13, 0.36, 0.45]
Event Rate: [0.41, 0.16, 0.10, 0.10, 0.09, 0.10, 0.15, 0.19, 0.22, 0.21, 0.45, 0.44]
Event Rate: [0.40, 0.16, 0.09, 0.09, 0.08, 0.09, 0.13, 0.16, 0.19, 0.18, 0.41, 0.45]
Event Rate: [0.36, 0.13, 0.07, 0.07, 0.07, 0.08, 0.12, 0.15, 0.18, 0.18, 0.42, 0.45]
Event Rate: [0.39, 0.15, 0.08, 0.08, 0.08, 0.09, 0.13, 0.16, 0.19, 0.19, 0.45, 0.45]
Event Rate: [0.46, 0.19, 0.12, 0.11, 0.10, 0.11, 0.15, 0.18, 0.22, 0.21, 0.46, 0.44]
Event Rate: [0.40, 0.16, 0.10, 0.10, 0.09, 0.10, 0.14, 0.18, 0.21, 0.20, 0.44, 0.44]
Event Rate: [0.37, 0.14, 0.08, 0.08, 0.08, 0.09, 0.12, 0.15, 0.18, 0.17, 0.43, 0.45]
Event Rate: [0.37, 0.15, 0.08, 0.08, 0.07, 0.08, 0.12, 0.16, 0.19, 0.19, 0.41, 0.45]
Event Rate: [0.37, 0.14, 0.08, 0.08, 0.08, 0.09, 0.13, 0.16, 0.19, 0.18, 0.43, 0.45]
Event Rate: [0.38, 0.14, 0.08, 0.08, 0.08, 0.08, 0.12, 0.15, 0.18, 0.17, 0.40, 0.44]
Event Rate: [0.38, 0.15, 0.09, 0.09, 0.08, 0.09, 0.13, 0.17, 0.20, 0.19, 0.43, 0.44]
Event Rate: [0.45, 0.19, 0.11, 0.11, 0.11, 0.12, 0.16, 0.20, 0.23, 0.22, 0.44, 0.43]
Event Rate: [0.36, 0.14, 0.08, 0.08, 0.08, 0.09, 0.12, 0.16, 0.18, 0.17, 0.41, 0.43]
Event Rate: [0.47, 0.16, 0.08, 0.08, 0.08, 0.09, 0.13, 0.17, 0.20, 0.19, 0.44, 0.43]
Event Rate: [0.49, 0.17, 0.09, 0.09, 0.09, 0.10, 0.14, 0.17, 0.20, 0.19, 0.42, 0.42]
Event Rate: [0.47, 0.16, 0.09, 0.08, 0.08, 0.08, 0.12, 0.16, 0.19, 0.19, 0.45, 0.42]
Event Rate: [0.37, 0.12, 0.07, 0.06, 0.06, 0.07, 0.10, 0.13, 0.15, 0.14, 0.33, 0.42]
Event Rate: [0.46, 0.15, 0.08, 0.08, 0.07, 0.08, 0.11, 0.15, 0.17, 0.17, 0.40, 0.42]
Event Rate: [0.49, 0.17, 0.09, 0.08, 0.07, 0.08, 0.12, 0.16, 0.18, 0.18, 0.45, 0.41]
Event Rate: [0.45, 0.14, 0.08, 0.08, 0.07, 0.07, 0.11, 0.15, 0.17, 0.17, 0.44, 0.41]
Event Rate: [0.46, 0.16, 0.09, 0.09, 0.08, 0.09, 0.13, 0.17, 0.20, 0.19, 0.43, 0.42]
Event Rate: [0.47, 0.15, 0.09, 0.08, 0.07, 0.08, 0.12, 0.16, 0.19, 0.18, 0.45, 0.41]
Event Rate: [0.49, 0.17, 0.10, 0.09, 0.08, 0.09, 0.13, 0.17, 0.20, 0.20, 0.43, 0.41]
Event Rate: [0.49, 0.16, 0.09, 0.09, 0.08, 0.09, 0.13, 0.17, 0.19, 0.19, 0.45, 0.41]
Event Rate: [0.41, 0.12, 0.07, 0.06, 0.06, 0.06, 0.10, 0.13, 0.16, 0.16, 0.41, 0.41]
Event Rate: [0.47, 0.15, 0.08, 0.08, 0.08, 0.08, 0.13, 0.16, 0.19, 0.19, 0.43, 0.42]
Event Rate: [0.48, 0.16, 0.09, 0.10, 0.09, 0.10, 0.15, 0.18, 0.21, 0.20, 0.41, 0.42]
Event Rate: [0.49, 0.17, 0.10, 0.09, 0.08, 0.09, 0.14, 0.18, 0.20, 0.20, 0.42, 0.42]
Event Rate: [0.43, 0.14, 0.08, 0.08, 0.08, 0.09, 0.13, 0.16, 0.18, 0.18, 0.40, 0.42]
Event Rate: [0.49, 0.16, 0.09, 0.09, 0.09, 0.09, 0.14, 0.18, 0.20, 0.20, 0.45, 0.43]
Event Rate: [0.47, 0.17, 0.10, 0.09, 0.08, 0.09, 0.13, 0.17, 0.19, 0.19, 0.43, 0.43]
Event Rate: [0.40, 0.10, 0.06, 0.06, 0.05, 0.06, 0.10, 0.12, 0.15, 0.14, 0.40, 0.43]
Event Rate: [0.54, 0.18, 0.11, 0.11, 0.10, 0.11, 0.17, 0.21, 0.24, 0.23, 0.44, 0.43]
Event Rate: [0.46, 0.15, 0.08, 0.09, 0.08, 0.09, 0.14, 0.17, 0.19, 0.19, 0.45, 0.43]
Event Rate: [0.44, 0.13, 0.07, 0.07, 0.07, 0.08, 0.12, 0.15, 0.18, 0.17, 0.44, 0.43]
Event Rate: [0.39, 0.11, 0.05, 0.05, 0.05, 0.05, 0.08, 0.11, 0.13, 0.13, 0.41, 0.43]
Event Rate: [0.44, 0.14, 0.08, 0.08, 0.07, 0.08, 0.12, 0.15, 0.17, 0.16, 0.42, 0.43]
Event Rate: [0.37, 0.10, 0.06, 0.06, 0.05, 0.06, 0.10, 0.12, 0.14, 0.13, 0.40, 0.43]
Event Rate: [0.48, 0.15, 0.08, 0.08, 0.07, 0.08, 0.12, 0.15, 0.18, 0.17, 0.45, 0.43]
Event Rate: [0.48, 0.17, 0.10, 0.10, 0.09, 0.10, 0.16, 0.19, 0.21, 0.20, 0.42, 0.43]
Event Rate: [0.41, 0.14, 0.08, 0.08, 0.07, 0.08, 0.13, 0.15, 0.17, 0.17, 0.36, 0.43]
Event Rate: [0.50, 0.16, 0.10, 0.10, 0.09, 0.10, 0.16, 0.19, 0.22, 0.21, 0.44, 0.43]
Event Rate: [0.49, 0.16, 0.10, 0.10, 0.09, 0.10, 0.15, 0.18, 0.21, 0.20, 0.44, 0.43]
Event Rate: [0.50, 0.17, 0.10, 0.10, 0.09, 0.10, 0.16, 0.19, 0.22, 0.22, 0.45, 0.43]
Event Rate: [0.41, 0.13, 0.07, 0.08, 0.07, 0.08, 0.12, 0.15, 0.18, 0.17, 0.38, 0.43]
Event Rate: [0.50, 0.16, 0.10, 0.10, 0.09, 0.10, 0.15, 0.19, 0.22, 0.21, 0.45, 0.43]
Event Rate: [0.46, 0.15, 0.09, 0.09, 0.08, 0.09, 0.15, 0.18, 0.21, 0.21, 0.42, 0.43]
Event Rate: [0.44, 0.13, 0.07, 0.07, 0.06, 0.07, 0.12, 0.15, 0.17, 0.17, 0.43, 0.43]
Event Rate: [0.42, 0.13, 0.08, 0.08, 0.08, 0.08, 0.13, 0.16, 0.18, 0.17, 0.41, 0.44]
Event Rate: [0.45, 0.15, 0.09, 0.09, 0.08, 0.09, 0.14, 0.17, 0.20, 0.19, 0.42, 0.43]
Event Rate: [0.33, 0.09, 0.05, 0.05, 0.05, 0.05, 0.09, 0.11, 0.13, 0.13, 0.36, 0.43]
Event Rate: [0.50, 0.17, 0.10, 0.10, 0.09, 0.10, 0.16, 0.19, 0.22, 0.22, 0.45, 0.43]
Event Rate: [0.40, 0.12, 0.07, 0.07, 0.07, 0.07, 0.11, 0.14, 0.16, 0.16, 0.40, 0.43]
Event Rate: [0.50, 0.17, 0.10, 0.09, 0.08, 0.09, 0.14, 0.17, 0.20, 0.20, 0.45, 0.43]
Event Rate: [0.43, 0.13, 0.08, 0.08, 0.07, 0.08, 0.12, 0.15, 0.17, 0.17, 0.41, 0.43]
Event Rate: [0.50, 0.17, 0.11, 0.10, 0.09, 0.09, 0.14, 0.17, 0.20, 0.20, 0.46, 0.43]
Event Rate: [0.54, 0.19, 0.12, 0.11, 0.10, 0.10, 0.16, 0.20, 0.22, 0.22, 0.46, 0.44]
Event Rate: [0.51, 0.18, 0.11, 0.10, 0.09, 0.10, 0.15, 0.19, 0.21, 0.21, 0.44, 0.43]
Event Rate: [0.52, 0.18, 0.11, 0.11, 0.10, 0.11, 0.17, 0.20, 0.23, 0.23, 0.44, 0.44]
Event Rate: [0.44, 0.13, 0.08, 0.08, 0.07, 0.08, 0.13, 0.16, 0.18, 0.18, 0.42, 0.44]
Event Rate: [0.46, 0.15, 0.09, 0.09, 0.08, 0.09, 0.14, 0.17, 0.19, 0.19, 0.42, 0.44]
Event Rate: [0.43, 0.13, 0.08, 0.08, 0.07, 0.08, 0.12, 0.16, 0.18, 0.18, 0.43, 0.44]
Event Rate: [0.46, 0.14, 0.08, 0.08, 0.07, 0.08, 0.13, 0.17, 0.19, 0.19, 0.45, 0.44]
Event Rate: [0.49, 0.15, 0.09, 0.09, 0.08, 0.09, 0.15, 0.18, 0.21, 0.20, 0.45, 0.44]
Event Rate: [0.42, 0.14, 0.09, 0.09, 0.08, 0.09, 0.14, 0.17, 0.19, 0.19, 0.40, 0.44]
Event Rate: [0.41, 0.12, 0.08, 0.08, 0.07, 0.08, 0.12, 0.16, 0.18, 0.18, 0.40, 0.44]
Event Rate: [0.42, 0.13, 0.08, 0.08, 0.07, 0.08, 0.13, 0.16, 0.17, 0.17, 0.36, 0.44]
Event Rate: [0.48, 0.15, 0.09, 0.09, 0.08, 0.09, 0.15, 0.18, 0.20, 0.20, 0.44, 0.44]
Event Rate: [0.44, 0.13, 0.08, 0.08, 0.07, 0.08, 0.13, 0.16, 0.18, 0.18, 0.43, 0.44]
Event Rate: [0.46, 0.15, 0.10, 0.09, 0.08, 0.09, 0.14, 0.18, 0.20, 0.19, 0.43, 0.43]
Event Rate: [0.53, 0.18, 0.11, 0.11, 0.10, 0.11, 0.16, 0.20, 0.22, 0.21, 0.43, 0.43]
Event Rate: [0.44, 0.13, 0.08, 0.08, 0.08, 0.09, 0.14, 0.17, 0.19, 0.18, 0.42, 0.44]
Event Rate: [0.44, 0.13, 0.08, 0.08, 0.08, 0.09, 0.14, 0.17, 0.19, 0.19, 0.43, 0.44]
Event Rate: [0.42, 0.13, 0.08, 0.08, 0.08, 0.09, 0.14, 0.18, 0.19, 0.19, 0.38, 0.44]
Event Rate: [0.55, 0.17, 0.10, 0.11, 0.10, 0.12, 0.18, 0.22, 0.24, 0.23, 0.44, 0.43]
Event Rate: [0.46, 0.15, 0.09, 0.09, 0.09, 0.10, 0.15, 0.19, 0.21, 0.20, 0.43, 0.44]
Event Rate: [0.39, 0.11, 0.07, 0.07, 0.07, 0.08, 0.12, 0.15, 0.17, 0.16, 0.37, 0.43]
Event Rate: [0.48, 0.16, 0.10, 0.10, 0.09, 0.10, 0.15, 0.19, 0.21, 0.20, 0.41, 0.44]
Event Rate: [0.48, 0.15, 0.09, 0.09, 0.08, 0.09, 0.15, 0.18, 0.20, 0.20, 0.44, 0.44]
Event Rate: [0.51, 0.16, 0.10, 0.10, 0.10, 0.11, 0.17, 0.21, 0.23, 0.23, 0.44, 0.44]
Event Rate: [0.46, 0.15, 0.09, 0.09, 0.08, 0.09, 0.15, 0.19, 0.21, 0.21, 0.43, 0.44]
Event Rate: [0.46, 0.14, 0.08, 0.09, 0.08, 0.09, 0.15, 0.18, 0.21, 0.20, 0.44, 0.44]
Event Rate: [0.40, 0.12, 0.08, 0.07, 0.07, 0.08, 0.12, 0.15, 0.17, 0.17, 0.36, 0.44]
Event Rate: [0.57, 0.19, 0.12, 0.12, 0.11, 0.12, 0.18, 0.22, 0.25, 0.24, 0.46, 0.45]
Event Rate: [0.50, 0.17, 0.11, 0.11, 0.10, 0.12, 0.18, 0.22, 0.24, 0.23, 0.43, 0.44]
Event Rate: [0.42, 0.11, 0.08, 0.08, 0.07, 0.09, 0.13, 0.17, 0.18, 0.19, 0.38, 0.45]
Event Rate: [0.44, 0.12, 0.08, 0.08, 0.08, 0.09, 0.14, 0.18, 0.20, 0.19, 0.42, 0.45]
Event Rate: [0.48, 0.15, 0.10, 0.11, 0.10, 0.11, 0.16, 0.20, 0.21, 0.21, 0.40, 0.45]
Event Rate: [0.42, 0.11, 0.07, 0.08, 0.07, 0.08, 0.13, 0.16, 0.18, 0.18, 0.41, 0.45]
Event Rate: [0.47, 0.14, 0.09, 0.09, 0.08, 0.09, 0.14, 0.18, 0.20, 0.20, 0.43, 0.45]
Event Rate: [0.38, 0.11, 0.07, 0.07, 0.07, 0.07, 0.11, 0.14, 0.16, 0.16, 0.37, 0.45]
Event Rate: [0.52, 0.16, 0.10, 0.11, 0.10, 0.11, 0.17, 0.21, 0.23, 0.22, 0.45, 0.45]
Event Rate: [0.47, 0.14, 0.09, 0.09, 0.08, 0.09, 0.14, 0.18, 0.20, 0.20, 0.41, 0.46]
Event Rate: [0.34, 0.09, 0.06, 0.06, 0.06, 0.06, 0.10, 0.13, 0.14, 0.14, 0.34, 0.45]
Event Rate: [0.50, 0.16, 0.10, 0.10, 0.09, 0.10, 0.16, 0.20, 0.22, 0.22, 0.45, 0.45]
Event Rate: [0.49, 0.15, 0.09, 0.09, 0.09, 0.10, 0.15, 0.20, 0.22, 0.22, 0.44, 0.45]
Event Rate: [0.42, 0.14, 0.09, 0.09, 0.09, 0.10, 0.15, 0.19, 0.21, 0.20, 0.40, 0.44]
Event Rate: [0.48, 0.16, 0.11, 0.11, 0.10, 0.11, 0.17, 0.21, 0.23, 0.23, 0.43, 0.45]
Event Rate: [0.47, 0.14, 0.08, 0.09, 0.08, 0.09, 0.14, 0.18, 0.20, 0.19, 0.44, 0.44]
Event Rate: [0.48, 0.17, 0.11, 0.11, 0.10, 0.11, 0.16, 0.20, 0.22, 0.22, 0.41, 0.44]
Event Rate: [0.49, 0.16, 0.10, 0.10, 0.09, 0.10, 0.16, 0.20, 0.22, 0.21, 0.45, 0.44]
Event Rate: [0.49, 0.17, 0.11, 0.11, 0.10, 0.12, 0.18, 0.22, 0.23, 0.23, 0.43, 0.45]
Event Rate: [0.38, 0.12, 0.07, 0.08, 0.07, 0.08, 0.13, 0.16, 0.18, 0.17, 0.39, 0.44]
Event Rate: [0.52, 0.20, 0.13, 0.13, 0.12, 0.14, 0.20, 0.24, 0.25, 0.24, 0.38, 0.44]
Event Rate: [0.49, 0.15, 0.10, 0.10, 0.10, 0.11, 0.16, 0.20, 0.21, 0.21, 0.42, 0.45]
Event Rate: [0.32, 0.09, 0.06, 0.06, 0.05, 0.06, 0.09, 0.13, 0.14, 0.14, 0.33, 0.44]
Event Rate: [0.53, 0.19, 0.13, 0.13, 0.11, 0.12, 0.18, 0.23, 0.24, 0.24, 0.44, 0.45]
Event Rate: [0.44, 0.14, 0.09, 0.09, 0.09, 0.10, 0.15, 0.18, 0.19, 0.19, 0.41, 0.45]
Event Rate: [0.49, 0.16, 0.10, 0.11, 0.10, 0.11, 0.17, 0.21, 0.22, 0.22, 0.43, 0.44]
Event Rate: [0.46, 0.14, 0.09, 0.09, 0.08, 0.09, 0.14, 0.19, 0.20, 0.20, 0.41, 0.44]
Event Rate: [0.43, 0.13, 0.08, 0.08, 0.08, 0.09, 0.15, 0.19, 0.20, 0.20, 0.44, 0.44]
Event Rate: [0.47, 0.15, 0.09, 0.09, 0.09, 0.10, 0.15, 0.20, 0.21, 0.21, 0.43, 0.44]
Event Rate: [0.44, 0.14, 0.09, 0.09, 0.08, 0.09, 0.14, 0.18, 0.19, 0.18, 0.41, 0.44]
Event Rate: [0.46, 0.14, 0.09, 0.09, 0.09, 0.10, 0.15, 0.19, 0.20, 0.20, 0.42, 0.44]
Event Rate: [0.51, 0.18, 0.11, 0.12, 0.11, 0.12, 0.18, 0.22, 0.23, 0.23, 0.44, 0.44]
Event Rate: [0.48, 0.16, 0.10, 0.10, 0.09, 0.10, 0.15, 0.19, 0.21, 0.21, 0.42, 0.44]
Event Rate: [0.41, 0.12, 0.07, 0.08, 0.07, 0.08, 0.13, 0.17, 0.18, 0.18, 0.39, 0.45]
Event Rate: [0.50, 0.17, 0.10, 0.10, 0.09, 0.10, 0.16, 0.20, 0.22, 0.22, 0.44, 0.44]
Event Rate: [0.56, 0.20, 0.13, 0.13, 0.11, 0.12, 0.19, 0.24, 0.25, 0.26, 0.44, 0.44]
Event Rate: [0.41, 0.14, 0.09, 0.09, 0.08, 0.09, 0.14, 0.18, 0.19, 0.19, 0.38, 0.45]
Event Rate: [0.33, 0.11, 0.07, 0.08, 0.07, 0.08, 0.12, 0.16, 0.17, 0.17, 0.41, 0.44]
Event Rate: [0.42, 0.13, 0.08, 0.08, 0.07, 0.08, 0.13, 0.17, 0.18, 0.18, 0.40, 0.44]
Event Rate: [0.41, 0.13, 0.08, 0.08, 0.07, 0.08, 0.13, 0.17, 0.18, 0.18, 0.40, 0.44]
Event Rate: [0.50, 0.17, 0.10, 0.11, 0.10, 0.11, 0.17, 0.22, 0.23, 0.23, 0.44, 0.44]
Event Rate: [0.37, 0.14, 0.08, 0.09, 0.08, 0.09, 0.14, 0.19, 0.20, 0.21, 0.43, 0.44]
Event Rate: [0.35, 0.13, 0.07, 0.08, 0.07, 0.09, 0.14, 0.18, 0.19, 0.19, 0.40, 0.44]
Event Rate: [0.42, 0.17, 0.10, 0.10, 0.10, 0.11, 0.17, 0.22, 0.23, 0.23, 0.42, 0.44]
Event Rate: [0.40, 0.15, 0.09, 0.10, 0.09, 0.10, 0.16, 0.21, 0.22, 0.23, 0.44, 0.43]
Event Rate: [0.37, 0.14, 0.08, 0.08, 0.07, 0.09, 0.13, 0.18, 0.19, 0.20, 0.42, 0.44]
Event Rate: [0.32, 0.12, 0.07, 0.07, 0.07, 0.08, 0.12, 0.17, 0.17, 0.18, 0.39, 0.44]
Event Rate: [0.38, 0.15, 0.09, 0.10, 0.09, 0.10, 0.16, 0.20, 0.21, 0.21, 0.38, 0.43]
Event Rate: [0.39, 0.15, 0.09, 0.09, 0.08, 0.10, 0.15, 0.20, 0.21, 0.22, 0.42, 0.43]
Event Rate: [0.31, 0.12, 0.07, 0.08, 0.07, 0.08, 0.12, 0.16, 0.16, 0.16, 0.34, 0.43]
Event Rate: [0.23, 0.08, 0.05, 0.05, 0.05, 0.06, 0.09, 0.12, 0.13, 0.13, 0.34, 0.43]
Event Rate: [0.46, 0.18, 0.11, 0.10, 0.09, 0.11, 0.17, 0.22, 0.23, 0.24, 0.43, 0.43]
Event Rate: [0.44, 0.17, 0.10, 0.10, 0.09, 0.11, 0.17, 0.22, 0.23, 0.23, 0.44, 0.43]
Event Rate: [0.47, 0.18, 0.10, 0.10, 0.09, 0.11, 0.17, 0.23, 0.24, 0.25, 0.44, 0.43]
Event Rate: [0.36, 0.15, 0.09, 0.10, 0.09, 0.11, 0.16, 0.20, 0.21, 0.21, 0.40, 0.42]
Event Rate: [0.41, 0.17, 0.10, 0.11, 0.10, 0.12, 0.18, 0.23, 0.23, 0.24, 0.43, 0.42]
Event Rate: [0.42, 0.16, 0.10, 0.10, 0.09, 0.11, 0.16, 0.21, 0.22, 0.23, 0.42, 0.42]
Event Rate: [0.38, 0.15, 0.10, 0.10, 0.09, 0.11, 0.16, 0.21, 0.22, 0.22, 0.43, 0.42]
Event Rate: [0.39, 0.14, 0.09, 0.10, 0.09, 0.11, 0.16, 0.20, 0.21, 0.22, 0.42, 0.43]
Event Rate: [0.41, 0.17, 0.11, 0.11, 0.10, 0.11, 0.16, 0.21, 0.21, 0.22, 0.41, 0.43]
Event Rate: [0.37, 0.14, 0.09, 0.09, 0.08, 0.10, 0.15, 0.20, 0.20, 0.21, 0.41, 0.43]
Event Rate: [0.39, 0.14, 0.09, 0.10, 0.08, 0.10, 0.15, 0.20, 0.20, 0.21, 0.44, 0.44]
Event Rate: [0.33, 0.13, 0.08, 0.08, 0.08, 0.09, 0.14, 0.18, 0.19, 0.19, 0.40, 0.44]
Event Rate: [0.36, 0.14, 0.08, 0.09, 0.08, 0.09, 0.14, 0.18, 0.19, 0.20, 0.39, 0.45]
Event Rate: [0.40, 0.16, 0.09, 0.10, 0.09, 0.11, 0.16, 0.21, 0.22, 0.23, 0.43, 0.45]
Event Rate: [0.35, 0.14, 0.09, 0.10, 0.08, 0.09, 0.14, 0.17, 0.18, 0.18, 0.36, 0.44]
Event Rate: [0.45, 0.15, 0.10, 0.10, 0.09, 0.11, 0.16, 0.20, 0.21, 0.22, 0.42, 0.44]
Event Rate: [0.48, 0.16, 0.10, 0.10, 0.09, 0.11, 0.16, 0.21, 0.22, 0.23, 0.42, 0.44]
Event Rate: [0.45, 0.15, 0.08, 0.10, 0.09, 0.10, 0.15, 0.20, 0.20, 0.21, 0.41, 0.44]
Event Rate: [0.45, 0.16, 0.09, 0.10, 0.09, 0.11, 0.16, 0.20, 0.21, 0.22, 0.43, 0.45]
Event Rate: [0.38, 0.12, 0.07, 0.07, 0.06, 0.08, 0.12, 0.15, 0.16, 0.17, 0.39, 0.44]
Event Rate: [0.47, 0.15, 0.09, 0.10, 0.08, 0.10, 0.15, 0.20, 0.20, 0.22, 0.45, 0.44]
Event Rate: [0.48, 0.17, 0.11, 0.11, 0.10, 0.12, 0.17, 0.21, 0.22, 0.23, 0.43, 0.44]
Event Rate: [0.49, 0.16, 0.09, 0.10, 0.08, 0.10, 0.15, 0.20, 0.21, 0.22, 0.43, 0.44]
Event Rate: [0.53, 0.19, 0.11, 0.12, 0.11, 0.12, 0.18, 0.23, 0.23, 0.25, 0.44, 0.44]
Event Rate: [0.52, 0.18, 0.11, 0.11, 0.10, 0.12, 0.18, 0.22, 0.23, 0.24, 0.45, 0.44]
Event Rate: [0.49, 0.18, 0.11, 0.12, 0.10, 0.12, 0.18, 0.22, 0.23, 0.23, 0.40, 0.44]
Event Rate: [0.48, 0.16, 0.10, 0.10, 0.09, 0.10, 0.16, 0.20, 0.21, 0.22, 0.44, 0.44]
Event Rate: [0.43, 0.15, 0.09, 0.10, 0.09, 0.11, 0.16, 0.20, 0.20, 0.21, 0.41, 0.43]
Event Rate: [0.45, 0.14, 0.08, 0.09, 0.08, 0.10, 0.15, 0.19, 0.20, 0.21, 0.40, 0.43]
Event Rate: [0.45, 0.14, 0.09, 0.09, 0.08, 0.09, 0.14, 0.18, 0.19, 0.20, 0.39, 0.43]
Event Rate: [0.52, 0.19, 0.12, 0.13, 0.12, 0.13, 0.20, 0.24, 0.24, 0.25, 0.43, 0.43]
Event Rate: [0.45, 0.15, 0.09, 0.09, 0.08, 0.09, 0.14, 0.19, 0.19, 0.20, 0.38, 0.43]
Event Rate: [0.39, 0.12, 0.07, 0.08, 0.07, 0.08, 0.13, 0.16, 0.17, 0.18, 0.38, 0.43]
Event Rate: [0.45, 0.16, 0.10, 0.10, 0.09, 0.10, 0.15, 0.19, 0.20, 0.20, 0.41, 0.43]
Event Rate: [0.32, 0.10, 0.06, 0.06, 0.05, 0.06, 0.09, 0.12, 0.12, 0.13, 0.33, 0.43]
Event Rate: [0.45, 0.14, 0.08, 0.08, 0.07, 0.08, 0.13, 0.17, 0.18, 0.19, 0.45, 0.44]
Event Rate: [0.48, 0.18, 0.11, 0.11, 0.10, 0.11, 0.17, 0.21, 0.22, 0.23, 0.41, 0.43]
Event Rate: [0.49, 0.17, 0.10, 0.10, 0.09, 0.10, 0.16, 0.21, 0.22, 0.22, 0.44, 0.43]
Event Rate: [0.49, 0.16, 0.10, 0.11, 0.10, 0.11, 0.17, 0.21, 0.22, 0.23, 0.43, 0.44]
Event Rate: [0.44, 0.14, 0.08, 0.09, 0.08, 0.09, 0.14, 0.18, 0.19, 0.20, 0.44, 0.43]
Event Rate: [0.46, 0.15, 0.09, 0.10, 0.09, 0.10, 0.15, 0.19, 0.20, 0.21, 0.40, 0.43]
Event Rate: [0.50, 0.17, 0.10, 0.11, 0.10, 0.12, 0.17, 0.22, 0.22, 0.23, 0.43, 0.43]
Event Rate: [0.45, 0.15, 0.10, 0.10, 0.09, 0.11, 0.16, 0.19, 0.20, 0.20, 0.40, 0.44]
Event Rate: [0.52, 0.19, 0.12, 0.12, 0.11, 0.12, 0.18, 0.21, 0.22, 0.23, 0.43, 0.44]
Event Rate: [0.47, 0.15, 0.09, 0.09, 0.09, 0.10, 0.15, 0.18, 0.19, 0.20, 0.44, 0.45]
Event Rate: [0.44, 0.14, 0.08, 0.08, 0.08, 0.09, 0.14, 0.18, 0.19, 0.20, 0.42, 0.45]
Event Rate: [0.46, 0.16, 0.10, 0.11, 0.10, 0.11, 0.16, 0.20, 0.21, 0.22, 0.42, 0.45]
Event Rate: [0.48, 0.16, 0.10, 0.10, 0.09, 0.11, 0.16, 0.20, 0.21, 0.22, 0.44, 0.45]
Event Rate: [0.43, 0.14, 0.08, 0.09, 0.08, 0.09, 0.13, 0.17, 0.18, 0.18, 0.41, 0.45]
Event Rate: [0.49, 0.17, 0.10, 0.10, 0.09, 0.10, 0.16, 0.19, 0.20, 0.21, 0.44, 0.45]
Event Rate: [0.47, 0.16, 0.09, 0.10, 0.09, 0.10, 0.15, 0.19, 0.20, 0.21, 0.44, 0.45]
Event Rate: [0.51, 0.18, 0.11, 0.11, 0.10, 0.11, 0.17, 0.20, 0.21, 0.22, 0.44, 0.45]
Event Rate: [0.44, 0.15, 0.09, 0.10, 0.09, 0.10, 0.15, 0.19, 0.19, 0.20, 0.41, 0.45]
Event Rate: [0.37, 0.11, 0.06, 0.07, 0.06, 0.07, 0.12, 0.15, 0.16, 0.17, 0.40, 0.44]
Event Rate: [0.53, 0.18, 0.11, 0.11, 0.10, 0.11, 0.17, 0.21, 0.22, 0.23, 0.45, 0.45]
Event Rate: [0.38, 0.12, 0.07, 0.07, 0.06, 0.07, 0.11, 0.14, 0.15, 0.16, 0.37, 0.45]
Event Rate: [0.46, 0.16, 0.09, 0.10, 0.09, 0.10, 0.15, 0.19, 0.19, 0.20, 0.42, 0.44]
Event Rate: [0.48, 0.16, 0.09, 0.10, 0.09, 0.11, 0.16, 0.20, 0.21, 0.22, 0.43, 0.44]
Event Rate: [0.49, 0.17, 0.10, 0.11, 0.10, 0.11, 0.16, 0.20, 0.21, 0.22, 0.44, 0.44]
Event Rate: [0.48, 0.17, 0.10, 0.10, 0.09, 0.11, 0.16, 0.20, 0.21, 0.21, 0.43, 0.44]
Event Rate: [0.47, 0.16, 0.09, 0.10, 0.09, 0.10, 0.15, 0.19, 0.20, 0.21, 0.43, 0.44]
Event Rate: [0.46, 0.16, 0.09, 0.10, 0.09, 0.11, 0.16, 0.20, 0.21, 0.21, 0.40, 0.44]
Event Rate: [0.49, 0.17, 0.09, 0.10, 0.09, 0.10, 0.15, 0.20, 0.20, 0.21, 0.44, 0.44]
Event Rate: [0.36, 0.13, 0.07, 0.08, 0.08, 0.09, 0.13, 0.16, 0.17, 0.17, 0.34, 0.44]
Event Rate: [0.50, 0.17, 0.10, 0.11, 0.09, 0.11, 0.16, 0.20, 0.20, 0.21, 0.43, 0.44]
Event Rate: [0.48, 0.18, 0.10, 0.12, 0.10, 0.12, 0.18, 0.22, 0.22, 0.23, 0.44, 0.44]
Event Rate: [0.44, 0.15, 0.09, 0.10, 0.09, 0.11, 0.16, 0.20, 0.21, 0.21, 0.42, 0.44]
Event Rate: [0.49, 0.18, 0.11, 0.12, 0.11, 0.13, 0.18, 0.22, 0.23, 0.24, 0.43, 0.44]
Event Rate: [0.45, 0.16, 0.09, 0.11, 0.10, 0.12, 0.17, 0.21, 0.22, 0.23, 0.43, 0.44]
Event Rate: [0.51, 0.18, 0.11, 0.12, 0.10, 0.12, 0.18, 0.22, 0.23, 0.24, 0.42, 0.43]
Event Rate: [0.44, 0.14, 0.08, 0.09, 0.08, 0.10, 0.15, 0.19, 0.20, 0.21, 0.39, 0.43]
Event Rate: [0.51, 0.18, 0.11, 0.12, 0.11, 0.12, 0.17, 0.22, 0.22, 0.23, 0.40, 0.43]
Event Rate: [0.49, 0.17, 0.10, 0.11, 0.10, 0.12, 0.17, 0.21, 0.22, 0.23, 0.42, 0.43]
Event Rate: [0.44, 0.15, 0.09, 0.10, 0.09, 0.11, 0.15, 0.20, 0.20, 0.21, 0.39, 0.43]
Event Rate: [0.40, 0.13, 0.07, 0.08, 0.07, 0.09, 0.13, 0.17, 0.18, 0.19, 0.39, 0.43]
Event Rate: [0.40, 0.13, 0.07, 0.09, 0.07, 0.09, 0.14, 0.18, 0.19, 0.20, 0.41, 0.43]
Event Rate: [0.46, 0.16, 0.09, 0.11, 0.09, 0.11, 0.16, 0.20, 0.21, 0.22, 0.41, 0.43]
Event Rate: [0.49, 0.18, 0.10, 0.12, 0.10, 0.12, 0.17, 0.22, 0.22, 0.24, 0.42, 0.43]
Event Rate: [0.47, 0.17, 0.09, 0.10, 0.09, 0.11, 0.16, 0.21, 0.21, 0.23, 0.40, 0.43]
Event Rate: [0.43, 0.13, 0.07, 0.09, 0.08, 0.10, 0.14, 0.19, 0.20, 0.22, 0.42, 0.43]
